software/testFile/data140
     1.0            IONOSPHERE MAPS     GNSS                IONEX VERSION / TYPE
ADDNEQ2 V5.3        AIUB                24-MAY-19 20:17     PGM / RUN BY / DATE 
CODE'S GLOBAL IONOSPHERE MAPS FOR DAY 140, 2019             COMMENT             
Global ionosphere maps (GIM) are generated on a daily basis DESCRIPTION         
at CODE using data from about 300 GNSS sites of the IGS and DESCRIPTION         
other institutions. The vertical total electron content     DESCRIPTION         
(VTEC) is modeled in a solar-geomagnetic reference frame    DESCRIPTION         
using a spherical harmonics expansion up to degree and      DESCRIPTION         
order 15. Piece-wise linear functions are used for          DESCRIPTION         
representation in the time domain. The time spacing of      DESCRIPTION         
their vertices is 1 hour, conforming with the epochs of the DESCRIPTION         
VTEC maps.                                                  DESCRIPTION         
To convert line-of-sight TEC into vertical TEC, a modified  DESCRIPTION         
single-layer model mapping function approximating the JPL   DESCRIPTION         
extended slab model mapping function is adopted. The        DESCRIPTION         
mapping function is evaluated at geodetic satellite         DESCRIPTION         
elevation angles. For the computation of the ionospheric    DESCRIPTION         
pierce points, a spherical layer with a radius of 6821 km   DESCRIPTION         
is assumed, implying geocentric, not geodetic IONEX         DESCRIPTION         
latitudes.                                                  DESCRIPTION         
Instrumental biases with respect to each involved GNSS code DESCRIPTION         
observable are estimated as constant values for each        DESCRIPTION         
day. They are modeled with one set of bias parameters for   DESCRIPTION         
each satellite and each station in case of GPS and for each DESCRIPTION         
satellite-station link in case of GLONASS. The code bias    DESCRIPTION         
datum is defined by zero-mean conditions imposed on the     DESCRIPTION         
satellite bias estimates. In this file, just GPS C1W-C2W    DESCRIPTION         
satellite and station bias values are included. The         DESCRIPTION         
complete set of GNSS code bias results is provided in an    DESCRIPTION         
additional Bias-SINEX file as pseudo-absolute values        DESCRIPTION         
specific to each observable.                                DESCRIPTION         
Note: These GIM results correspond to the results for the   DESCRIPTION         
middle day of a 3-day combination analysis solving for 73   DESCRIPTION         
times 256, or 18688 VTEC parameters and 3 daily sets of     DESCRIPTION         
GNSS code bias parameters.                                  DESCRIPTION         
Contact address: code(at)aiub.unibe.ch                      DESCRIPTION         
Data archive:    ftp.aiub.unibe.ch/CODE/                    DESCRIPTION         
                 www.aiub.unibe.ch/download/CODE/           DESCRIPTION         
  2019     5    20     0     0     0                        EPOCH OF FIRST MAP  
  2019     5    21     0     0     0                        EPOCH OF LAST MAP   
  3600                                                      INTERVAL            
[...]
chti chur coco cord cpvg cpxf cro1 daej darw dav1 dgar dhlg COMMENT             
drao dubo ebre faa1 fair flin flrs frdn ftna func ganp glps COMMENT             
glsv gmsd gode godz gol2 gold gope gras graz guat guug harb COMMENT             
hers hert hlfx hnpt hob2 hofn holb hrao hyde iddr ieng iisc COMMENT             
impz ineg invk iqal irkj isba jog2 joz2 joze kerg kir0 kiri COMMENT             
kiru kit3 kokb kokv kouc koug kour krgg lama laut lmmf lpal COMMENT             
lpgs m0se mac1 madr maju mana mas1 mat1 mate maui maw1 mcil COMMENT             
mcm4 mdo1 mdvj medi mets mgue mizu mkea mnls mobj mobk mobs COMMENT             
monp morp mqzg mro1 mtka nain nano naur nico nist nklg nnor COMMENT             
not1 nrc1 nril ntus nya1 nyal ohi2 ohi3 onsa opmt ous2 pado COMMENT             
park pdel penc pert pfa2 pie1 pimo pohn pol2 polv pots pove COMMENT             
prds ptag ptbb ptvl quin ramo reun reyk rgdg riop roth salu COMMENT             
samo sant savo sch2 scor scrz sctb seyg sfer sofi spt0 stjo COMMENT             
stk2 str2 suth sutm suwn sydn syog tabl tabv tash thtg thti COMMENT             
thu2 tid1 tidb tixg tixi tlse tn22 tong tow2 tro1 tsea tskb COMMENT             
twtf uclu ufpr ulab unb3 unbj unbn unsa untr urum usn7 usud COMMENT             
vaco vald vill voim vtsp wab1 wab2 wark wes2 wgtn whit will COMMENT             
wind wsrt wtza wtzl wtzr wtzs wtzz xmis yakt yar2 yar3 yarr COMMENT             
ycba yell yssk zamb zeck zim2 zim3 zimj zimm                COMMENT             
                                                            END OF HEADER       
[from data line 4290]
    11                                                      START OF TEC MAP    
  2019     5    20    10     0     0                        EPOCH OF CURRENT MAP
    87.5-180.0 180.0   5.0 450.0                            LAT/LON1/LON2/DLON/H
   77   77   77   76   76   76   76   76   75   75   75   75   75   75   74   74
   74   74   74   74   74   74   74   73   73   73   73   73   73   73   73   73
   73   73   73   73   73   73   74   74   74   74   75   75   75   76   76   76
   77   77   77   78   78   78   78   79   79   79   79   79   79   79   79   79
   79   79   78   78   78   78   77   77   77
    85.0-180.0 180.0   5.0 450.0                            LAT/LON1/LON2/DLON/H
   76   75   75   75   74   74   73   73   73   73   73   72   72   72   72   72
   72   72   72   72   72   72   72   72   71   71   71   71   71   70   70   70
   70   70   69   69   70   70   70   70   71   71   72   73   73   74   75   76
   77   78   79   79   80   81   81   81   82   82   82   82   81   81   81   80
   80   80   79   78   78   77   77   76   76
    82.5-180.0 180.0   5.0 450.0                            LAT/LON1/LON2/DLON/H
   73   72   71   71   70   70   70   69   69   69   69   69   69   69   69   69
   69   70   70   70   70   70   70   70   70   70   70   69   69   68   68   67
   67   67   66   66   66   66   66   66   67   68   69   70   71   73   74   76
   77   79   80   81   82   83   83   84   84   84   84   83   83   82   81   80
   79   79   78   77   76   75   74   73   73
    80.0-180.0 180.0   5.0 450.0                            LAT/LON1/LON2/DLON/H
   68   67   67   66   65   65   65   65   64   64   64   64   65   65   65   66
   66   67   68   68   69   69   70   70   70   69   69   69   68   67   67   66
   65   64   64   63   63   63   63   63   64   65   66   67   69   71   73   76
   78   80   81   83   84   85   85   85   85   84   83   83   82   81   79   78
   77   76   75   73   72   71   70   69   68
    77.5-180.0 180.0   5.0 450.0                            LAT/LON1/LON2/DLON/H
   63   62   61   60   60   59   59   59   59   59   59   60   60   60   61   62
   63   64   65   66   67   68   69   69   69   69   68   68   67   66   65   65
   64   63   63   62   62   62   61   62   62   63   64   66   68   71   73   76
   78   81   83   84   85   85   85   84   83   82   81   80   79   77   76   75
   74   72   71   70   68   67   66   64   63
    75.0-180.0 180.0   5.0 450.0                            LAT/LON1/LON2/DLON/H
   59   57   56   55   54   54   54   54   54   54   54   55   55   56   57   58
   59   61   62   64   66   67   68   68   68   68   67   66   65   64   64   63
   63   63   63   62   62   62   62   62   62   63   64   66   68   71   74   76
   79   81   83   84   84   84   83   81   80   78   77   75   74   73   72   71
   70   69   68   67   65   64   62   60   59
    72.5-180.0 180.0   5.0 450.0                            LAT/LON1/LON2/DLON/H
   56   53   51   50   49   48   48   48   48   49   49   50   51   52   53   54
   56   58   60   62   64   65   67   67   67   66   65   64   62   61   61   61
   61   62   63   64   64   64   64   64   64   64   65   67   69   71   74   77
   80   82   83   83   82   80   78   76   74   72   71   70   69   69   68   68
   68   68   67   66   65   63   61   58   56
    70.0-180.0 180.0   5.0 450.0                            LAT/LON1/LON2/DLON/H
   55   51   48   46   44   43   43   43   43   44   44   45   46   47   49   50
   52   54   57   59   62   64   65   66   65   64   62   60   58   57   57   57
   59   61   63   65   66   67   67   67   67   67   67   69   71   73   76   78
   80   81   81   80   78   76   73   70   68   66   65   65   65   66   67   67
   68   69   69   68   67   64   62   58   55
    67.5-180.0 180.0   5.0 450.0                            LAT/LON1/LON2/DLON/H
   56   51   47   43   40   38   37   37   37   38   39   40   42   43   45   47
   49   51   54   57   59   62   63   64   63   61   59   56   54   52   52   54
   56   59   63   66   68   70   70   70   70   70   70   72   73   75   78   80
   81   81   80   78   75   71   67   64   62   61   61   62   63   65   67   69
   70   71   72   72   71   68   65   61   56
    65.0-180.0 180.0   5.0 450.0                            LAT/LON1/LON2/DLON/H
   59   53   47   42   38   35   33   32   32   33   34   35   37   39   41   43
   45   48   50   53   56   59   61   61   61   59   56   53   50   49   49   50
   54   58   63   67   70   72   73   73   73   74   74   75   77   78   80   81
   82   81   79   75   71   67   63   61   59   59   60   62   65   67   69   71
   73   75   76   77   76   74   70   65   59
    62.5-180.0 180.0   5.0 450.0                            LAT/LON1/LON2/DLON/H
   64   57   50   43   38   34   31   28   27   27   28   30   32   34   36   39
   41   44   46   49   52   55   57   59   59   58   55   52   49   47   47   49
   52   57   62   67   71   73   75   76   77   78   79   80   81   83   84   84
   83   82   79   75   70   66   62   60   59   60   63   66   68   70   72   74
   75   77   79   81   81   79   76   70   64
    60.0-180.0 180.0   5.0 450.0                            LAT/LON1/LON2/DLON/H
   69   62   54   47   40   35   30   27   24   23   23   25   27   29   32   34
   37   39   41   44   47   50   54   56   57   57   55   52   49   47   47   49
   52   57   63   67   71   74   77   79   81   83   85   86   87   88   88   88
   86   84   80   76   71   67   64   62   63   65   68   71   73   75   75   75
   76   78   81   83   84   84   81   76   69
    57.5-180.0 180.0   5.0 450.0                            LAT/LON1/LON2/DLON/H
   75   68   60   53   46   39   33   28   24   22   20   21   22   24   27   30
   32   34   36   38   41   45   49   53   56   57   56   54   52   50   50   51
   55   59   64   69   73   76   79   83   86   89   92   94   95   95   94   92
   90   87   84   80   75   71   69   68   69   72   75   78   79   79   77   76
   75   77   80   83   86   87   85   81   75
    55.0-180.0 180.0   5.0 450.0                            LAT/LON1/LON2/DLON/H
   80   74   67   60   54   47   40   33   28   23   20   19   19   21   23   25
   27   29   31   33   36   40   45   50   55   57   58   57   56   54   54   56
   59   63   68   72   76   80   84   89   94   98  102  104  104  103  101   98
   95   92   89   85   81   78   75   75   76   79   82   84   84   81   78   75
   73   74   77   82   86   88   87   85   80
    52.5-180.0 180.0   5.0 450.0                            LAT/LON1/LON2/DLON/H
   83   79   74   69   63   56   49   42   35   28   23   20   19   19   21   22
   24   25   27   29   32   37   42   48   54   58   60   60   60   59   59   60
   64   68   73   78   83   87   93   98  104  109  113  115  114  111  108  104
  101   98   95   92   88   85   83   82   83   85   87   88   87   83   78   74
   71   72   76   81   85   88   88   87   83
    50.0-180.0 180.0   5.0 450.0                            LAT/LON1/LON2/DLON/H
   85   83   79   76   71   66   59   52   45   37   31   26   22   21   20   21
   22   23   25   27   31   35   41   47   53   58   61   62   62   62   63   65
   69   75   81   87   93   99  105  112  118  123  126  126  124  120  115  111
  107  104  101   99   96   92   90   88   88   89   91   91   88   84   79   74
   72   73   77   81   85   88   88   87   85
    47.5-180.0 180.0   5.0 450.0                            LAT/LON1/LON2/DLON/H
   85   84   82   80   77   73   69   63   56   48   41   34   29   25   23   22
   23   24   26   28   32   36   41   47   53   58   62   63   63   63   65   68
   74   81   89   97  105  113  121  128  134  138  140  138  134  128  122  117
  113  110  108  105  103   99   96   94   92   92   93   92   90   86   82   78
   77   79   82   85   88   89   88   87   85
    45.0-180.0 180.0   5.0 450.0                            LAT/LON1/LON2/DLON/H
   83   82   81   81   79   77   75   71   66   60   52   45   38   32   28   27
   26   27   29   31   35   39   43   49   54   59   62   63   63   63   65   69
   77   87   98  109  120  130  138  146  151  154  153  149  143  136  129  124
  120  117  115  112  110  106  102   99   96   95   95   94   93   90   88   87
   87   89   92   93   93   91   88   85   83
    42.5-180.0 180.0   5.0 450.0                            LAT/LON1/LON2/DLON/H
   80   78   77   77   77   76   76   76   73   69   63   56   48   41   36   33
   32   32   33   36   39   43   47   51   56   60   62   62   61   61   63   69
   79   92  107  121  134  146  156  163  167  167  164  158  150  143  137  132
  129  126  123  121  117  114  110  105  102  100   98   98   98   98   98   99
  101  104  105  104  100   94   88   83   80
    40.0-180.0 180.0   5.0 450.0                            LAT/LON1/LON2/DLON/H
   76   73   71   70   69   70   73   75   76   76   72   65   58   51   46   41
   39   38   39   40   43   46   50   54   58   61   63   62   60   60   62   69
   81   97  114  131  147  160  170  177  179  178  173  165  157  151  145  142
  139  137  134  131  127  124  120  115  110  107  105  106  107  108  111  114
  117  120  119  114  107   97   88   81   76
    37.5-180.0 180.0   5.0 450.0                            LAT/LON1/LON2/DLON/H
   72   67   63   61   60   61   65   70   75   77   76   72   67   61   55   50
   47   44   43   44   46   49   53   57   61   64   65   63   61   60   62   70
   83  101  120  139  156  170  180  186  187  184  178  171  164  159  156  154
  152  150  147  144  141  137  133  128  122  118  116  116  118  120  124  128
  132  133  130  123  112   99   88   78   72
    35.0-180.0 180.0   5.0 450.0                            LAT/LON1/LON2/DLON/H
   68   62   56   52   50   51   55   62   69   75   77   75   72   68   63   58
   53   49   47   46   47   50   54   59   63   66   68   66   63   61   63   71
   86  104  124  144  161  174  183  188  189  186  181  175  171  168  168  168
  168  167  164  161  158  154  149  143  137  131  128  128  130  132  136  140
  142  142  137  127  114   99   86   76   68
    32.5-180.0 180.0   5.0 450.0                            LAT/LON1/LON2/DLON/H
   65   58   52   46   43   42   46   53   62   69   73   75   74   72   69   64
   58   53   48   46   46   49   54   59   65   69   71   70   67   65   67   75
   89  108  127  146  161  173  180  184  185  184  182  179  178  179  181  184
  186  185  183  180  177  173  168  161  153  146  141  140  140  142  144  146
  146  143  137  126  112   97   84   73   65
    30.0-180.0 180.0   5.0 450.0                            LAT/LON1/LON2/DLON/H
   64   57   51   45   40   38   40   46   54   62   68   71   73   73   71   67
   61   54   47   44   43   46   52   58   65   71   74   74   71   70   72   80
   94  111  129  145  158  167  173  176  178  180  181  184  187  191  195  200
  203  204  203  200  197  192  186  177  167  158  152  149  148  148  148  146
  143  138  130  119  105   92   81   71   64
    27.5-180.0 180.0   5.0 450.0                            LAT/LON1/LON2/DLON/H
   64   59   53   47   42   39   39   43   49   56   61   66   69   71   71   68
   61   53   45   41   40   43   49   57   65   72   76   76   75   74   78   86
  100  115  130  143  153  159  163  167  170  175  182  188  195  202  208  214
  219  221  221  219  215  209  201  190  177  166  159  155  152  150  147  142
  136  128  119  108   97   86   77   69   64
    25.0-180.0 180.0   5.0 450.0                            LAT/LON1/LON2/DLON/H
   64   61   58   53   48   44   43   44   48   52   57   61   64   67   68   66
   59   51   43   37   36   39   46   54   63   71   76   77   78   79   83   93
  105  120  132  142  148  152  155  158  164  173  183  194  204  212  219  225
  230  233  234  233  228  221  211  198  183  171  162  156  153  149  143  135
  126  116  106   96   87   79   73   68   64
    22.5-180.0 180.0   5.0 450.0                            LAT/LON1/LON2/DLON/H
   64   63   62   60   57   52   49   48   49   51   54   57   60   63   64   62
   56   48   40   35   34   37   43   52   61   69   74   77   79   82   88   99
  111  124  135  142  146  149  151  155  162  173  187  201  212  220  225  230
  235  240  242  241  236  228  215  200  185  172  162  156  151  146  139  129
  118  105   95   86   79   73   69   66   64
    20.0-180.0 180.0   5.0 450.0                            LAT/LON1/LON2/DLON/H
   63   64   66   66   64   61   57   54   53   52   53   54   56   58   59   58
   53   46   39   34   33   36   42   50   58   66   71   75   78   84   92  104
  117  130  139  146  149  151  153  157  165  178  193  208  219  225  228  231
  236  240  243  243  238  228  215  200  185  172  162  155  151  145  137  126
  113   99   87   79   73   69   65   63   63
    17.5-180.0 180.0   5.0 450.0                            LAT/LON1/LON2/DLON/H
   60   63   66   69   69   66   62   59   56   55   54   54   54   55   55   54
   50   44   39   35   33   35   41   48   56   63   68   73   78   85   96  109
  123  136  145  152  156  159  162  167  175  187  202  215  224  228  228  229
  232  237  241  240  234  225  213  199  186  174  165  158  153  148  140  128
  113   98   85   75   70   65   62   60   60
    15.0-180.0 180.0   5.0 450.0                            LAT/LON1/LON2/DLON/H
   56   59   63   67   68   66   64   60   58   56   55   54   53   53   52   51
   49   45   40   36   35   36   40   46   54   61   67   72   78   87  100  114
  129  142  152  160  167  172  177  183  190  200  212  222  228  228  225  224
  227  232  235  235  229  220  210  200  191  181  172  165  159  154  146  134
  118  101   86   75   68   63   59   56   56
    12.5-180.0 180.0   5.0 450.0                            LAT/LON1/LON2/DLON/H
   51   53   57   61   63   62   60   59   57   56   55   54   52   52   51   50
   49   46   43   39   37   36   39   45   53   60   66   72   79   90  104  119
  134  148  159  170  180  189  196  202  207  214  221  228  230  227  222  220
  222  227  230  229  224  217  210  205  200  193  185  177  169  163  154  142
  125  106   89   77   68   62   56   52   51
    10.0-180.0 180.0   5.0 450.0                            LAT/LON1/LON2/DLON/H
   46   47   50   52   54   54   54   53   53   54   53   53   52   51   51   51
   51   49   46   42   38   36   38   44   52   60   67   74   82   94  109  124
  139  153  166  179  192  205  215  221  224  227  229  232  230  226  220  217
  219  225  228  226  221  216  213  213  213  209  201  191  181  173  163  150
  131  110   92   77   68   60   53   48   46
     7.5-180.0 180.0   5.0 450.0                            LAT/LON1/LON2/DLON/H
   43   42   43   44   45   45   46   47   48   49   50   51   51   51   52   53
   53   53   50   45   40   36   36   42   51   61   69   77   86   98  113  128
  143  156  170  185  202  218  230  236  237  236  234  233  229  224  219  217
  220  226  228  226  221  217  218  223  227  225  216  204  191  180  169  154
  134  112   92   77   66   58   51   46   43
     5.0-180.0 180.0   5.0 450.0                            LAT/LON1/LON2/DLON/H
   41   39   38   38   37   38   39   41   43   44   46   47   48   50   52   54
   56   56   53   48   41   36   35   40   50   61   71   80   89  101  116  130
  144  157  171  188  206  225  238  244  244  240  235  231  227  222  218  219
  223  229  231  227  221  218  222  229  236  235  226  211  196  183  170  154
  133  110   89   74   63   56   49   44   41
     2.5-180.0 180.0   5.0 450.0                            LAT/LON1/LON2/DLON/H
   42   40   38   35   34   35   36   38   39   40   42   43   45   48   51   54
   57   57   55   49   42   35   33   38   49   61   72   82   91  103  117  131
  144  156  169  186  205  224  238  244  243  237  230  225  221  219  218  220
  226  231  233  228  221  217  221  230  237  236  225  209  193  179  165  148
  127  104   84   70   60   54   49   45   42
