software/testFile/data140
     1.0            IONOSPHERE MAPS     GNSS                IONEX VERSION / TYPE
ADDNEQ2 V5.3        AIUB                24-MAY-19 20:17     PGM / RUN BY / DATE 
CODE'S GLOBAL IONOSPHERE MAPS FOR DAY 140, 2019             COMMENT             
Global ionosphere maps (GIM) are generated on a daily basis DESCRIPTION         
at CODE using data from about 300 GNSS sites of the IGS and DESCRIPTION         
other institutions. The vertical total electron content     DESCRIPTION         
(VTEC) is modeled in a solar-geomagnetic reference frame    DESCRIPTION         
using a spherical harmonics expansion up to degree and      DESCRIPTION         
order 15. Piece-wise linear functions are used for          DESCRIPTION         
representation in the time domain. The time spacing of      DESCRIPTION         
their vertices is 1 hour, conforming with the epochs of the DESCRIPTION         
VTEC maps.                                                  DESCRIPTION         
To convert line-of-sight TEC into vertical TEC, a modified  DESCRIPTION         
single-layer model mapping function approximating the JPL   DESCRIPTION         
extended slab model mapping function is adopted. The        DESCRIPTION         
mapping function is evaluated at geodetic satellite         DESCRIPTION         
elevation angles. For the computation of the ionospheric    DESCRIPTION         
pierce points, a spherical layer with a radius of 6821 km   DESCRIPTION         
is assumed, implying geocentric, not geodetic IONEX         DESCRIPTION         
latitudes.                                                  DESCRIPTION         
Instrumental biases with respect to each involved GNSS code DESCRIPTION         
observable are estimated as constant values for each        DESCRIPTION         
day. They are modeled with one set of bias parameters for   DESCRIPTION         
each satellite and each station in case of GPS and for each DESCRIPTION         
satellite-station link in case of GLONASS. The code bias    DESCRIPTION         
datum is defined by zero-mean conditions imposed on the     DESCRIPTION         
satellite bias estimates. In this file, just GPS C1W-C2W    DESCRIPTION         
satellite and station bias values are included. The         DESCRIPTION         
complete set of GNSS code bias results is provided in an    DESCRIPTION         
additional Bias-SINEX file as pseudo-absolute values        DESCRIPTION         
specific to each observable.                                DESCRIPTION         
Note: These GIM results correspond to the results for the   DESCRIPTION         
middle day of a 3-day combination analysis solving for 73   DESCRIPTION         
times 256, or 18688 VTEC parameters and 3 daily sets of     DESCRIPTION         
GNSS code bias parameters.                                  DESCRIPTION         
Contact address: code(at)aiub.unibe.ch                      DESCRIPTION         
Data archive:    ftp.aiub.unibe.ch/CODE/                    DESCRIPTION         
                 www.aiub.unibe.ch/download/CODE/           DESCRIPTION         
  2019     5    20     0     0     0                        EPOCH OF FIRST MAP  
  2019     5    21     0     0     0                        EPOCH OF LAST MAP   
  3600                                                      INTERVAL            
[...]
chti chur coco cord cpvg cpxf cro1 daej darw dav1 dgar dhlg COMMENT             
drao dubo ebre faa1 fair flin flrs frdn ftna func ganp glps COMMENT             
glsv gmsd gode godz gol2 gold gope gras graz guat guug harb COMMENT             
hers hert hlfx hnpt hob2 hofn holb hrao hyde iddr ieng iisc COMMENT             
impz ineg invk iqal irkj isba jog2 joz2 joze kerg kir0 kiri COMMENT             
kiru kit3 kokb kokv kouc koug kour krgg lama laut lmmf lpal COMMENT             
lpgs m0se mac1 madr maju mana mas1 mat1 mate maui maw1 mcil COMMENT             
mcm4 mdo1 mdvj medi mets mgue mizu mkea mnls mobj mobk mobs COMMENT             
monp morp mqzg mro1 mtka nain nano naur nico nist nklg nnor COMMENT             
not1 nrc1 nril ntus nya1 nyal ohi2 ohi3 onsa opmt ous2 pado COMMENT             
park pdel penc pert pfa2 pie1 pimo pohn pol2 polv pots pove COMMENT             
prds ptag ptbb ptvl quin ramo reun reyk rgdg riop roth salu COMMENT             
samo sant savo sch2 scor scrz sctb seyg sfer sofi spt0 stjo COMMENT             
stk2 str2 suth sutm suwn sydn syog tabl tabv tash thtg thti COMMENT             
thu2 tid1 tidb tixg tixi tlse tn22 tong tow2 tro1 tsea tskb COMMENT             
twtf uclu ufpr ulab unb3 unbj unbn unsa untr urum usn7 usud COMMENT             
vaco vald vill voim vtsp wab1 wab2 wark wes2 wgtn whit will COMMENT             
wind wsrt wtza wtzl wtzr wtzs wtzz xmis yakt yar2 yar3 yarr COMMENT             
ycba yell yssk zamb zeck zim2 zim3 zimj zimm                COMMENT             
                                                            END OF HEADER       
[from data line 858]
     3                                                      START OF TEC MAP    
  2019     5    20     2     0     0                        EPOCH OF CURRENT MAP
    87.5-180.0 180.0   5.0 450.0                            LAT/LON1/LON2/DLON/H
   82   83   83   84   84   84   85   85   85   85   85   85   84   84   84   83
   82   82   81   80   79   79   78   77   76   75   74   74   73   72   72   71
   70   70   70   69   69   69   69   69   69   69   69   69   69   69   70   70
   70   70   71   71   72   72   72   73   73   74   74   75   75   76   77   77
   78   78   79   80   80   81   81   82   82
    85.0-180.0 180.0   5.0 450.0                            LAT/LON1/LON2/DLON/H
   84   86   87   88   89   90   91   91   92   92   92   91   91   90   89   88
   87   85   84   82   80   78   76   74   73   71   69   67   66   65   64   63
   62   61   61   61   61   61   61   61   61   61   62   62   63   63   64   64
   65   66   66   67   67   68   69   69   70   70   71   72   72   73   74   75
   76   76   77   78   80   81   82   83   84
    82.5-180.0 180.0   5.0 450.0                            LAT/LON1/LON2/DLON/H
   83   85   87   89   91   92   94   95   96   96   96   96   95   94   93   91
   89   87   84   81   79   76   73   70   67   65   62   60   58   57   55   54
   54   53   53   53   54   54   55   55   56   57   57   58   59   60   60   61
   62   63   63   64   65   65   66   67   67   68   68   69   69   70   70   71
   72   73   74   75   76   78   79   81   83
    80.0-180.0 180.0   5.0 450.0                            LAT/LON1/LON2/DLON/H
   80   82   85   88   90   93   95   96   98   98   98   98   97   95   93   91
   88   85   82   79   75   72   69   65   62   59   56   53   51   50   48   48
   48   48   48   49   50   51   52   53   54   55   56   57   58   58   59   60
   61   62   62   63   64   65   65   66   66   67   67   67   67   67   68   68
   68   69   69   70   72   73   75   77   80
    77.5-180.0 180.0   5.0 450.0                            LAT/LON1/LON2/DLON/H
   76   79   82   85   89   92   94   96   98   98   98   97   95   93   91   88
   85   81   78   75   71   68   64   61   58   54   51   49   47   45   44   44
   45   46   47   48   50   52   53   54   55   56   57   58   58   59   60   60
   61   62   63   64   65   66   66   67   67   68   68   68   67   67   67   66
   66   66   67   67   68   70   71   73   76
    75.0-180.0 180.0   5.0 450.0                            LAT/LON1/LON2/DLON/H
   74   76   80   83   87   90   93   95   96   97   96   94   92   89   86   82
   79   76   73   70   67   64   62   59   55   52   49   47   45   44   43   44
   45   47   49   51   53   55   56   57   58   59   59   59   60   60   61   61
   62   63   64   65   67   68   69   69   70   70   70   70   70   69   68   68
   67   67   66   67   67   68   69   71   74
    72.5-180.0 180.0   5.0 450.0                            LAT/LON1/LON2/DLON/H
   73   76   79   82   85   89   92   94   95   95   93   91   87   84   79   76
   72   69   67   65   64   62   60   58   56   53   50   48   46   45   45   46
   47   49   52   54   56   58   59   60   60   60   61   61   61   61   61   62
   63   64   65   67   68   70   71   72   73   73   73   73   73   72   71   71
   70   69   69   69   69   69   70   71   73
    70.0-180.0 180.0   5.0 450.0                            LAT/LON1/LON2/DLON/H
   75   77   79   82   85   88   91   93   94   93   91   88   83   79   74   70
   66   63   62   61   61   61   60   59   57   55   52   50   48   47   47   48
   50   52   54   56   58   59   60   60   60   60   60   60   60   61   62   62
   64   65   66   68   70   71   73   74   75   76   76   76   76   76   75   74
   74   73   73   73   73   73   74   74   75
    67.5-180.0 180.0   5.0 450.0                            LAT/LON1/LON2/DLON/H
   79   79   81   83   85   88   91   93   93   92   90   86   81   76   70   66
   62   59   58   58   59   60   60   60   59   57   54   52   50   49   48   49
   51   53   54   55   56   56   56   56   56   56   57   58   59   60   61   63
   64   65   67   68   70   72   73   75   76   77   78   78   78   78   77   77
   77   77   77   78   79   79   79   79   79
    65.0-180.0 180.0   5.0 450.0                            LAT/LON1/LON2/DLON/H
   83   83   83   84   86   88   90   92   92   91   89   85   80   75   70   65
   61   58   57   57   58   59   60   61   60   58   55   52   50   49   48   49
   49   50   51   51   50   50   49   49   49   51   52   54   57   59   61   63
   64   66   67   68   70   71   73   74   76   77   78   79   79   78   78   78
   78   79   80   82   83   84   84   84   83
    62.5-180.0 180.0   5.0 450.0                            LAT/LON1/LON2/DLON/H
   87   86   85   85   86   88   90   91   91   90   88   85   81   76   72   67
   63   60   58   57   57   59   60   60   59   57   54   51   49   47   46   46
   46   45   44   43   41   40   39   40   41   44   47   51   55   59   62   64
   66   67   68   69   70   71   72   73   75   76   77   78   78   78   77   77
   77   79   81   84   86   88   89   89   87
    60.0-180.0 180.0   5.0 450.0                            LAT/LON1/LON2/DLON/H
   91   89   88   87   87   88   89   89   89   88   87   85   82   80   76   73
   68   64   61   59   58   58   58   58   57   54   52   49   46   44   43   42
   41   39   37   34   32   30   29   31   34   38   44   50   55   60   64   66
   68   69   70   70   70   71   71   73   74   75   77   77   77   76   75   74
   74   76   79   83   87   91   93   93   91
    57.5-180.0 180.0   5.0 450.0                            LAT/LON1/LON2/DLON/H
   95   93   91   89   89   89   89   88   88   86   85   84   84   83   82   80
   76   71   67   63   60   58   57   56   54   51   48   46   44   42   41   39
   37   34   30   27   24   22   23   25   30   36   44   51   57   63   67   70
   72   73   73   73   72   72   73   73   75   76   77   77   77   75   73   72
   71   73   76   81   86   91   95   96   95
    55.0-180.0 180.0   5.0 450.0                            LAT/LON1/LON2/DLON/H
   98   97   95   93   92   91   91   89   87   85   84   84   85   87   88   87
   84   80   74   69   64   60   58   55   52   49   46   44   42   41   40   38
   35   31   27   23   20   19   21   24   31   38   46   54   62   67   72   75
   77   78   78   77   77   77   77   77   78   78   79   79   78   76   73   71
   69   70   73   78   85   91   96   98   98
    52.5-180.0 180.0   5.0 450.0                            LAT/LON1/LON2/DLON/H
  102  101  100   98   97   96   95   93   89   87   85   85   87   90   92   93
   92   88   82   76   70   65   60   56   52   49   46   45   44   43   42   39
   36   32   28   24   22   22   25   29   36   44   52   60   67   72   77   80
   83   84   84   84   84   84   83   83   83   83   83   82   81   78   75   72
   70   69   72   77   84   91   97  101  102
    50.0-180.0 180.0   5.0 450.0                            LAT/LON1/LON2/DLON/H
  105  106  105  105  104  103  102   99   95   91   88   87   89   92   95   97
   97   95   90   84   78   72   66   60   56   52   49   48   48   47   46   44
   40   36   32   30   29   30   33   38   44   51   59   65   72   77   82   86
   89   91   93   93   93   93   92   91   91   90   88   87   85   83   79   76
   73   72   73   77   84   91   98  103  105
    47.5-180.0 180.0   5.0 450.0                            LAT/LON1/LON2/DLON/H
  108  110  110  111  111  111  110  107  103   99   95   93   92   94   97   99
  101  100   97   93   87   80   74   67   62   57   55   54   54   53   52   49
   45   42   39   38   39   41   44   48   54   59   65   70   76   81   87   92
   96   99  102  103  103  103  103  101   99   97   94   92   90   88   85   82
   80   78   78   81   86   93  100  105  108
    45.0-180.0 180.0   5.0 450.0                            LAT/LON1/LON2/DLON/H
  111  113  114  116  117  118  118  116  113  109  104  101   98   97   98  100
  103  104  104  101   96   90   83   75   69   64   61   60   60   60   58   55
   51   48   47   47   49   51   54   58   62   66   70   74   78   84   91   97
  103  108  110  112  113  114  113  111  108  104  100   97   94   92   91   89
   88   86   85   87   90   96  102  108  111
    42.5-180.0 180.0   5.0 450.0                            LAT/LON1/LON2/DLON/H
  113  115  116  118  120  122  124  124  122  120  116  111  106  101  100  100
  103  107  109  108  105   99   91   83   76   71   68   67   66   65   62   59
   55   53   53   55   57   60   62   65   67   70   72   75   79   86   94  102
  110  115  118  120  122  123  122  119  115  110  104  100   97   96   96   96
   96   95   94   94   96  100  105  110  113
    40.0-180.0 180.0   5.0 450.0                            LAT/LON1/LON2/DLON/H
  115  116  118  119  121  124  126  129  130  130  127  122  115  108  103  102
  105  109  113  114  111  106   98   90   82   77   74   72   70   68   65   61
   58   57   58   60   63   65   66   67   69   71   72   75   79   87   96  107
  115  120  124  126  128  129  128  125  120  114  108  103  100   99  100  102
  104  104  103  102  103  105  109  113  115
    37.5-180.0 180.0   5.0 450.0                            LAT/LON1/LON2/DLON/H
  118  119  119  120  121  123  126  130  134  137  137  134  126  117  109  106
  107  111  116  117  115  109  102   94   86   81   78   75   73   69   65   62
   59   59   60   63   64   65   66   67   68   70   71   74   79   87   98  110
  118  124  127  129  131  132  132  129  123  117  111  105  102  101  103  107
  110  111  111  110  110  112  115  117  118
    35.0-180.0 180.0   5.0 450.0                            LAT/LON1/LON2/DLON/H
  124  123  122  122  122  123  126  130  136  142  145  144  137  127  118  113
  112  115  118  119  116  110  103   95   88   83   80   76   73   69   64   61
   59   59   61   63   64   63   63   64   66   68   70   73   78   87   99  111
  119  124  126  128  130  132  132  130  125  119  114  109  106  105  107  111
  115  118  119  118  119  120  122  124  124
    32.5-180.0 180.0   5.0 450.0                            LAT/LON1/LON2/DLON/H
  133  132  130  128  127  126  127  131  138  145  151  152  148  140  130  123
  120  119  120  118  115  108  101   94   89   84   81   76   72   67   62   60
   59   60   62   63   62   60   59   60   63   66   69   72   77   86   98  109
  117  121  122  124  126  129  130  129  125  121  118  116  113  112  113  116
  120  124  126  127  128  130  132  134  133
    30.0-180.0 180.0   5.0 450.0                            LAT/LON1/LON2/DLON/H
  146  145  143  140  138  135  134  136  142  149  156  160  159  153  144  135
  129  124  121  117  111  105   98   93   89   85   81   75   70   64   61   59
   59   61   62   62   60   57   56   58   61   65   68   71   75   83   93  104
  111  114  116  117  121  125  127  126  125  124  124  124  123  121  121  122
  126  130  133  136  138  142  145  146  146
    27.5-180.0 180.0   5.0 450.0                            LAT/LON1/LON2/DLON/H
  162  162  161  158  155  152  149  148  151  156  163  169  170  167  159  149
  139  129  121  114  107  101   96   92   88   85   80   74   67   62   59   58
   60   62   63   62   59   55   54   56   60   64   66   68   71   77   86   95
  102  105  107  110  115  120  123  124  124  127  131  135  135  133  131  131
  133  137  141  145  150  154  159  161  162
    25.0-180.0 180.0   5.0 450.0                            LAT/LON1/LON2/DLON/H
  178  180  181  180  178  174  170  167  166  169  174  179  182  181  174  162
  148  134  121  111  103   98   94   91   88   85   79   72   65   60   57   58
   60   63   63   61   58   54   53   54   58   61   63   63   64   68   75   83
   90   95   98  103  109  115  119  122  125  131  139  147  149  147  143  141
  142  145  150  155  161  167  172  176  178
    22.5-180.0 180.0   5.0 450.0                            LAT/LON1/LON2/DLON/H
  193  197  200  202  202  200  196  191  188  187  188  192  196  195  188  174
  156  137  120  108  100   95   93   91   88   84   77   69   62   57   56   57
   60   62   62   60   56   53   52   53   55   57   57   56   55   57   62   70
   78   84   90   96  104  111  117  120  126  136  148  158  163  161  156  152
  152  155  159  165  171  178  184  189  193
    20.0-180.0 180.0   5.0 450.0                            LAT/LON1/LON2/DLON/H
  204  210  216  221  223  224  222  218  212  208  207  208  210  208  199  183
  161  137  118  104   97   94   92   90   87   81   73   65   57   53   53   54
   57   58   58   57   54   51   49   50   51   51   49   46   44   45   49   57
   66   75   83   92  101  109  115  121  129  141  156  169  175  173  168  164
  162  164  168  174  180  186  192  198  204
    17.5-180.0 180.0   5.0 450.0                            LAT/LON1/LON2/DLON/H
  209  217  225  233  238  242  243  241  236  230  226  224  223  218  207  188
  163  136  115  101   95   93   91   89   84   77   68   59   53   49   49   50
   52   52   52   51   49   47   46   45   44   43   40   36   34   33   37   45
   56   67   78   89   99  108  116  123  133  147  164  178  185  184  179  174
  173  174  177  181  186  192  197  202  209
    15.0-180.0 180.0   5.0 450.0                            LAT/LON1/LON2/DLON/H
  210  219  228  236  243  250  255  256  254  248  243  238  233  225  211  189
  161  133  111   98   93   91   90   86   80   71   62   54   48   45   45   45
   45   45   45   45   44   42   40   38   36   34   31   27   25   24   28   36
   49   62   76   87   98  108  118  127  139  154  172  186  193  192  187  183
  182  183  185  187  191  194  198  203  210
    12.5-180.0 180.0   5.0 450.0                            LAT/LON1/LON2/DLON/H
  209  217  225  233  240  248  256  261  262  259  253  247  239  227  209  185
  157  129  108   96   91   90   87   82   74   65   56   49   44   42   42   40
   39   38   38   38   38   36   34   32   29   26   23   21   19   18   22   31
   44   60   74   87   98  109  121  133  147  163  180  193  198  197  194  191
  190  191  192  193  194  196  198  202  209
    10.0-180.0 180.0   5.0 450.0                            LAT/LON1/LON2/DLON/H
  207  214  220  225  231  239  248  256  260  260  256  249  238  223  203  178
  150  125  105   94   90   88   84   77   68   59   51   45   43   41   40   37
   34   32   32   33   33   32   29   26   23   20   19   17   16   16   20   28
   43   59   74   86   98  111  125  140  156  172  188  198  203  202  199  197
  197  198  198  197  197  197  199  202  207
     7.5-180.0 180.0   5.0 450.0                            LAT/LON1/LON2/DLON/H
  208  213  216  218  220  226  235  243  250  253  251  244  232  214  192  167
  142  120  103   94   90   86   80   72   62   54   48   45   43   43   41   37
   33   30   30   31   31   29   25   22   20   18   17   17   17   17   20   28
   42   58   73   85   97  111  128  146  164  181  195  203  206  204  202  202
  203  203  203  202  201  200  201  204  208
     5.0-180.0 180.0   5.0 450.0                            LAT/LON1/LON2/DLON/H
  212  215  215  213  212  214  220  228  235  239  239  233  220  201  179  155
  134  115  102   94   90   85   77   68   59   52   48   46   47   46   44   39
   35   32   32   33   31   28   24   21   20   19   19   19   19   19   22   29
   42   58   72   84   96  111  130  150  170  187  199  206  208  206  204  204
  206  207  206  205  204  204  206  208  212
     2.5-180.0 180.0   5.0 450.0                            LAT/LON1/LON2/DLON/H
  218  219  217  213  208  207  209  214  220  224  225  220  206  186  164  143
  125  111  101   95   90   83   75   65   57   52   50   50   51   51   49   44
   40   37   37   37   34   30   25   23   22   22   22   22   22   22   24   30
   42   56   69   81   93  109  130  151  172  189  200  207  207  205  203  204
  206  208  207  207  207  209  211  215  218
