software/testFile/data140
     1.0            IONOSPHERE MAPS     GNSS                IONEX VERSION / TYPE
ADDNEQ2 V5.3        AIUB                24-MAY-19 20:17     PGM / RUN BY / DATE 
CODE'S GLOBAL IONOSPHERE MAPS FOR DAY 140, 2019             COMMENT             
Global ionosphere maps (GIM) are generated on a daily basis DESCRIPTION         
at CODE using data from about 300 GNSS sites of the IGS and DESCRIPTION         
other institutions. The vertical total electron content     DESCRIPTION         
(VTEC) is modeled in a solar-geomagnetic reference frame    DESCRIPTION         
using a spherical harmonics expansion up to degree and      DESCRIPTION         
order 15. Piece-wise linear functions are used for          DESCRIPTION         
representation in the time domain. The time spacing of      DESCRIPTION         
their vertices is 1 hour, conforming with the epochs of the DESCRIPTION         
VTEC maps.                                                  DESCRIPTION         
To convert line-of-sight TEC into vertical TEC, a modified  DESCRIPTION         
single-layer model mapping function approximating the JPL   DESCRIPTION         
extended slab model mapping function is adopted. The        DESCRIPTION         
mapping function is evaluated at geodetic satellite         DESCRIPTION         
elevation angles. For the computation of the ionospheric    DESCRIPTION         
pierce points, a spherical layer with a radius of 6821 km   DESCRIPTION         
is assumed, implying geocentric, not geodetic IONEX         DESCRIPTION         
latitudes.                                                  DESCRIPTION         
Instrumental biases with respect to each involved GNSS code DESCRIPTION         
observable are estimated as constant values for each        DESCRIPTION         
day. They are modeled with one set of bias parameters for   DESCRIPTION         
each satellite and each station in case of GPS and for each DESCRIPTION         
satellite-station link in case of GLONASS. The code bias    DESCRIPTION         
datum is defined by zero-mean conditions imposed on the     DESCRIPTION         
satellite bias estimates. In this file, just GPS C1W-C2W    DESCRIPTION         
satellite and station bias values are included. The         DESCRIPTION         
complete set of GNSS code bias results is provided in an    DESCRIPTION         
additional Bias-SINEX file as pseudo-absolute values        DESCRIPTION         
specific to each observable.                                DESCRIPTION         
Note: These GIM results correspond to the results for the   DESCRIPTION         
middle day of a 3-day combination analysis solving for 73   DESCRIPTION         
times 256, or 18688 VTEC parameters and 3 daily sets of     DESCRIPTION         
GNSS code bias parameters.                                  DESCRIPTION         
Contact address: code(at)aiub.unibe.ch                      DESCRIPTION         
Data archive:    ftp.aiub.unibe.ch/CODE/                    DESCRIPTION         
                 www.aiub.unibe.ch/download/CODE/           DESCRIPTION         
  2019     5    20     0     0     0                        EPOCH OF FIRST MAP  
  2019     5    21     0     0     0                        EPOCH OF LAST MAP   
  3600                                                      INTERVAL            
[...]
chti chur coco cord cpvg cpxf cro1 daej darw dav1 dgar dhlg COMMENT             
drao dubo ebre faa1 fair flin flrs frdn ftna func ganp glps COMMENT             
glsv gmsd gode godz gol2 gold gope gras graz guat guug harb COMMENT             
hers hert hlfx hnpt hob2 hofn holb hrao hyde iddr ieng iisc COMMENT             
impz ineg invk iqal irkj isba jog2 joz2 joze kerg kir0 kiri COMMENT             
kiru kit3 kokb kokv kouc koug kour krgg lama laut lmmf lpal COMMENT             
lpgs m0se mac1 madr maju mana mas1 mat1 mate maui maw1 mcil COMMENT             
mcm4 mdo1 mdvj medi mets mgue mizu mkea mnls mobj mobk mobs COMMENT             
monp morp mqzg mro1 mtka nain nano naur nico nist nklg nnor COMMENT             
not1 nrc1 nril ntus nya1 nyal ohi2 ohi3 onsa opmt ous2 pado COMMENT             
park pdel penc pert pfa2 pie1 pimo pohn pol2 polv pots pove COMMENT             
prds ptag ptbb ptvl quin ramo reun reyk rgdg riop roth salu COMMENT             
samo sant savo sch2 scor scrz sctb seyg sfer sofi spt0 stjo COMMENT             
stk2 str2 suth sutm suwn sydn syog tabl tabv tash thtg thti COMMENT             
thu2 tid1 tidb tixg tixi tlse tn22 tong tow2 tro1 tsea tskb COMMENT             
twtf uclu ufpr ulab unb3 unbj unbn unsa untr urum usn7 usud COMMENT             
vaco vald vill voim vtsp wab1 wab2 wark wes2 wgtn whit will COMMENT             
wind wsrt wtza wtzl wtzr wtzs wtzz xmis yakt yar2 yar3 yarr COMMENT             
ycba yell yssk zamb zeck zim2 zim3 zimj zimm                COMMENT             
                                                            END OF HEADER       
[from data line 9438]
    23                                                      START OF TEC MAP    
  2019     5    20    22     0     0                        EPOCH OF CURRENT MAP
    87.5-180.0 180.0   5.0 450.0                            LAT/LON1/LON2/DLON/H
   68   69   69   70   70   71   71   72   72   72   73   73   73   73   73   73
   72   72   72   71   71   70   70   69   68   68   67   66   66   65   64   64
   63   63   62   62   62   61   61   61   61   61   61   61   61   61   61   61
   61   61   61   61   61   61   61   62   62   62   62   62   63   63   63   64
   64   64   65   65   66   66   67   68   68
    85.0-180.0 180.0   5.0 450.0                            LAT/LON1/LON2/DLON/H
   67   69   70   71   73   74   75   76   77   78   78   79   79   79   79   79
   78   78   77   76   74   73   72   70   69   67   65   64   63   61   60   59
   58   57   57   56   56   56   55   55   55   56   56   56   56   56   57   57
   57   57   58   58   58   58   58   58   58   58   58   58   58   59   59   59
   60   60   61   62   63   64   65   66   67
    82.5-180.0 180.0   5.0 450.0                            LAT/LON1/LON2/DLON/H
   64   66   68   70   72   75   76   78   80   81   83   83   84   84   84   84
   83   82   81   79   77   75   72   70   67   65   62   60   58   56   54   53
   52   51   50   50   50   50   50   50   51   51   52   53   53   54   54   55
   56   56   56   56   57   56   56   56   56   55   55   54   54   54   54   54
   54   55   55   56   58   59   60   62   64
    80.0-180.0 180.0   5.0 450.0                            LAT/LON1/LON2/DLON/H
   60   62   65   68   70   73   76   78   80   82   84   85   86   87   87   86
   86   84   83   80   78   75   72   69   65   62   59   56   53   51   49   47
   46   46   45   45   45   45   46   47   47   48   49   50   51   52   53   54
   55   56   56   56   57   56   56   55   55   54   53   52   51   50   50   49
   49   50   50   51   52   54   56   58   60
    77.5-180.0 180.0   5.0 450.0                            LAT/LON1/LON2/DLON/H
   56   59   62   64   67   70   73   76   78   81   83   84   85   86   87   86
   86   85   83   81   78   75   71   67   63   59   55   52   49   47   45   43
   43   42   42   42   42   43   43   44   45   46   47   48   49   50   52   53
   54   55   56   57   57   57   56   56   55   53   52   51   49   48   47   47
   46   46   47   48   49   50   52   54   56
    75.0-180.0 180.0   5.0 450.0                            LAT/LON1/LON2/DLON/H
   54   56   59   62   64   67   70   73   75   77   79   81   82   83   84   84
   84   83   82   80   77   74   70   66   62   58   53   50   47   45   43   42
   42   41   42   42   42   42   42   42   43   43   44   44   46   47   49   50
   52   54   55   56   57   57   57   56   55   54   52   51   50   48   47   47
   46   46   46   47   48   49   50   52   54
    72.5-180.0 180.0   5.0 450.0                            LAT/LON1/LON2/DLON/H
   55   56   58   60   62   65   67   69   71   73   74   76   77   79   80   80
   81   81   80   79   77   74   70   66   62   57   53   50   47   45   44   43
   43   43   43   43   43   42   41   41   40   40   40   40   41   42   44   46
   48   50   52   54   55   56   56   55   55   54   53   52   51   50   50   49
   49   49   49   50   50   51   52   53   55
    70.0-180.0 180.0   5.0 450.0                            LAT/LON1/LON2/DLON/H
   57   58   59   61   62   64   65   66   68   69   70   71   72   74   75   76
   77   78   78   78   76   74   71   67   63   59   55   52   49   48   47   47
   47   47   47   46   44   43   41   39   37   36   35   35   35   37   38   41
   43   45   48   50   51   53   53   54   54   54   53   53   53   53   53   54
   54   54   55   55   56   56   56   57   57
    67.5-180.0 180.0   5.0 450.0                            LAT/LON1/LON2/DLON/H
   62   62   63   63   64   64   65   66   66   66   67   68   69   70   71   73
   74   75   76   76   76   74   72   69   65   61   58   55   53   52   52   52
   52   51   50   48   46   42   39   36   33   31   30   30   30   31   33   35
   37   40   42   44   46   48   49   50   51   52   53   54   55   56   57   59
   60   61   62   62   63   63   63   62   62
    65.0-180.0 180.0   5.0 450.0                            LAT/LON1/LON2/DLON/H
   68   68   67   67   67   67   67   67   66   66   66   66   67   68   69   71
   72   74   75   75   75   75   73   71   67   64   61   58   57   57   57   57
   57   56   53   50   46   41   37   33   30   28   27   26   27   28   29   30
   32   34   37   39   41   43   44   46   48   50   52   54   57   59   61   63
   65   67   68   69   69   70   69   69   68
    62.5-180.0 180.0   5.0 450.0                            LAT/LON1/LON2/DLON/H
   74   73   73   72   72   71   70   69   68   67   67   66   67   68   69   70
   71   72   73   74   74   74   73   71   69   66   64   62   61   61   62   62
   61   59   56   51   46   40   35   31   29   27   26   26   27   27   28   29
   30   31   33   34   36   38   40   42   44   48   51   54   58   61   63   66
   68   71   73   74   75   76   76   75   74
    60.0-180.0 180.0   5.0 450.0                            LAT/LON1/LON2/DLON/H
   80   79   79   78   78   77   76   74   72   70   69   68   68   69   70   70
   71   71   71   72   72   73   72   71   70   68   66   65   65   65   66   66
   65   62   57   51   45   39   35   32   30   30   30   31   31   32   31   31
   31   31   31   32   33   34   36   38   41   45   50   54   58   61   64   67
   70   72   75   77   79   80   80   81   80
    57.5-180.0 180.0   5.0 450.0                            LAT/LON1/LON2/DLON/H
   85   85   85   85   85   84   83   81   78   75   73   71   71   71   71   71
   71   70   70   69   70   70   71   70   70   68   68   67   68   69   70   70
   68   64   58   52   46   40   37   35   35   36   38   39   40   40   38   37
   35   33   33   32   32   33   34   36   40   44   49   54   58   61   64   67
   69   72   74   77   80   82   84   85   85
    55.0-180.0 180.0   5.0 450.0                            LAT/LON1/LON2/DLON/H
   90   91   91   92   92   92   91   89   85   81   78   75   74   73   73   72
   71   69   68   67   67   67   68   69   69   69   69   69   70   72   73   72
   70   66   60   54   48   44   42   42   44   46   49   51   52   50   48   45
   42   39   37   36   35   34   35   37   40   45   50   54   58   61   63   65
   67   70   73   77   80   84   87   89   90
    52.5-180.0 180.0   5.0 450.0                            LAT/LON1/LON2/DLON/H
   94   96   97   99  100  101  100   98   94   89   84   80   78   76   75   74
   72   69   66   65   65   66   67   68   69   70   70   71   73   74   75   75
   72   68   63   57   53   51   51   52   55   59   62   64   64   62   59   54
   50   47   45   43   41   39   39   40   43   47   52   56   59   61   63   64
   66   68   71   76   80   85   89   92   94
    50.0-180.0 180.0   5.0 450.0                            LAT/LON1/LON2/DLON/H
   98  100  102  104  107  109  110  108  104   99   92   87   83   80   78   76
   73   70   67   65   64   65   67   69   70   71   72   74   75   77   78   77
   75   71   67   63   61   61   62   65   68   72   75   76   76   73   69   64
   60   56   54   51   49   46   45   46   48   51   55   59   61   63   64   65
   66   68   72   76   81   87   91   95   98
    47.5-180.0 180.0   5.0 450.0                            LAT/LON1/LON2/DLON/H
  100  102  105  108  112  115  118  118  115  109  102   94   88   84   81   78
   75   72   69   67   66   67   69   71   73   74   76   77   79   80   81   80
   78   75   73   71   71   73   76   79   81   84   86   87   85   82   77   72
   68   65   63   60   57   54   52   52   54   57   60   62   64   65   66   67
   69   71   74   78   84   89   94   97  100
    45.0-180.0 180.0   5.0 450.0                            LAT/LON1/LON2/DLON/H
  101  103  106  110  114  119  124  126  124  120  112  103   95   89   85   82
   79   75   73   71   71   72   73   75   77   79   80   82   83   84   84   84
   82   81   80   81   83   86   89   92   93   94   95   94   92   88   83   78
   75   73   71   69   66   62   60   59   60   62   65   66   68   69   70   72
   74   76   79   83   88   92   96   99  101
    42.5-180.0 180.0   5.0 450.0                            LAT/LON1/LON2/DLON/H
  101  102  105  108  114  120  126  131  132  129  123  113  104   96   91   87
   83   81   78   77   77   78   79   81   82   84   86   87   88   88   88   88
   87   87   88   90   94   98  102  104  104  103  101   99   96   92   87   82
   80   78   77   75   72   68   65   64   65   67   69   70   71   73   75   78
   81   84   87   89   93   96   98  100  101
    40.0-180.0 180.0   5.0 450.0                            LAT/LON1/LON2/DLON/H
  100  100  102  105  111  117  125  133  137  137  132  124  114  105   98   93
   89   86   84   84   84   84   85   86   88   90   92   94   94   94   93   93
   93   94   96  100  104  109  112  113  111  109  106  103   99   95   90   85
   83   82   80   78   75   71   68   67   68   70   72   73   75   77   81   85
   89   93   95   97   98   99  100  100  100
    37.5-180.0 180.0   5.0 450.0                            LAT/LON1/LON2/DLON/H
   99   99  100  102  107  113  122  131  140  143  141  134  124  114  106  100
   96   92   90   90   90   91   91   92   94   97   99  101  101  100   99   99
  100  101  104  108  112  117  119  119  117  113  110  106  102   97   92   87
   84   82   80   77   73   70   68   68   69   71   73   75   77   81   86   92
   97  101  103  104  103  103  102  100   99
    35.0-180.0 180.0   5.0 450.0                            LAT/LON1/LON2/DLON/H
   99   99   99  101  104  109  117  128  140  147  149  144  135  125  116  109
  103   98   96   95   95   96   97   98  100  103  106  108  108  106  105  104
  105  108  110  113  117  121  123  123  120  116  113  109  105   99   93   87
   83   80   77   73   68   65   64   65   67   70   72   75   78   83   90   97
  104  108  110  110  108  107  104  101   99
    32.5-180.0 180.0   5.0 450.0                            LAT/LON1/LON2/DLON/H
  102  102  103  104  105  108  114  126  139  151  156  153  146  137  128  120
  111  105  101   99  100  101  102  104  107  110  114  115  115  112  110  109
  110  112  114  116  119  121  123  123  121  118  115  111  107  100   92   85
   80   75   70   65   60   57   57   59   62   66   69   73   78   84   92  100
  108  113  115  115  113  111  108  104  102
    30.0-180.0 180.0   5.0 450.0                            LAT/LON1/LON2/DLON/H
  109  109  111  112  111  111  116  126  141  155  163  164  159  152  143  133
  123  113  107  105  105  107  109  111  114  118  121  122  121  117  114  113
  113  115  115  115  116  117  119  120  119  117  114  111  106   98   90   81
   74   67   61   55   50   47   48   51   55   59   64   70   76   83   92  101
  110  116  118  119  118  116  113  110  109
    27.5-180.0 180.0   5.0 450.0                            LAT/LON1/LON2/DLON/H
  119  121  124  125  123  121  123  132  146  161  172  176  174  169  161  151
  138  126  117  113  113  115  118  120  123  126  128  128  126  121  116  114
  113  113  113  111  109  110  111  113  113  112  111  107  102   93   83   74
   65   58   50   43   39   37   39   42   47   52   58   65   73   82   91  100
  109  116  120  122  123  122  121  119  119
    25.0-180.0 180.0   5.0 450.0                            LAT/LON1/LON2/DLON/H
  132  135  140  142  140  136  136  143  156  171  183  189  191  189  183  173
  159  144  133  127  126  128  130  133  134  135  135  134  129  123  116  112
  110  109  107  103  100   99  100  102  103  104  102   99   93   84   73   63
   55   47   40   33   29   28   30   34   38   44   51   59   69   79   88   98
  107  115  121  125  128  130  130  130  132
    22.5-180.0 180.0   5.0 450.0                            LAT/LON1/LON2/DLON/H
  145  150  156  160  159  155  153  158  170  184  196  204  209  211  208  199
  185  169  155  147  144  145  147  149  148  146  142  137  130  122  113  107
  103  101   97   92   88   86   87   89   91   91   89   85   79   70   60   51
   43   36   30   24   21   21   23   26   30   35   43   54   65   75   85   95
  104  113  121  128  134  139  141  143  145
    20.0-180.0 180.0   5.0 450.0                            LAT/LON1/LON2/DLON/H
  157  163  170  176  176  174  172  176  186  198  210  220  227  233  234  227
  215  199  184  173  168  167  168  167  164  157  149  139  129  118  107   99
   94   90   86   80   75   72   73   74   76   75   73   69   62   54   46   38
   32   27   23   19   16   16   18   21   24   29   37   48   61   72   82   92
  101  111  121  130  140  147  152  154  157
    17.5-180.0 180.0   5.0 450.0                            LAT/LON1/LON2/DLON/H
  167  172  179  186  189  189  189  193  201  212  223  233  244  253  258  256
  246  231  216  204  196  192  190  187  179  168  154  140  126  112  100   89
   83   78   74   68   63   60   59   60   61   59   56   51   45   38   32   26
   23   20   18   15   14   14   16   17   19   23   32   44   57   69   80   89
   99  109  121  132  144  154  160  164  167
    15.0-180.0 180.0   5.0 450.0                            LAT/LON1/LON2/DLON/H
  173  177  184  191  197  199  201  206  213  223  233  243  256  268  277  280
  274  263  249  235  224  217  211  205  193  176  157  138  121  106   91   80
   72   67   63   58   53   49   48   48   47   44   40   35   30   25   21   18
   17   16   16   14   14   15   15   16   17   20   28   41   54   67   78   88
   98  108  120  134  147  159  167  171  173
    12.5-180.0 180.0   5.0 450.0                            LAT/LON1/LON2/DLON/H
  176  178  184  191  198  203  208  213  221  229  238  248  262  276  289  295
  295  288  276  262  249  238  229  219  203  182  158  135  115   98   83   71
   63   58   54   50   46   42   41   40   38   34   28   24   20   16   14   14
   14   15   15   15   15   16   16   16   17   20   27   39   53   66   78   88
   98  108  120  134  149  162  171  175  176
    10.0-180.0 180.0   5.0 450.0                            LAT/LON1/LON2/DLON/H
  178  179  182  189  196  203  209  216  223  230  238  248  261  277  291  301
  304  302  294  281  266  251  240  227  209  184  156  130  109   92   77   65
   56   52   49   46   42   38   37   35   32   28   22   17   15   13   13   14
   15   16   17   17   17   17   18   18   18   21   27   38   52   66   79   89
   99  109  120  134  149  163  174  178  178
     7.5-180.0 180.0   5.0 450.0                            LAT/LON1/LON2/DLON/H
  181  180  181  187  194  201  207  214  221  228  235  243  255  269  283  295
  302  304  300  288  272  256  243  228  209  183  152  124  102   85   72   61
   53   49   47   44   40   37   35   34   31   26   21   17   15   15   16   17
   18   18   18   18   18   19   20   20   21   23   28   38   52   67   80   92
  101  110  120  133  148  163  175  180  181
     5.0-180.0 180.0   5.0 450.0                            LAT/LON1/LON2/DLON/H
  184  183  184  188  193  199  205  211  217  224  230  237  246  257  268  279
  288  294  293  284  269  253  238  224  204  177  147  118   96   80   69   59
   53   50   47   45   41   37   35   34   32   28   24   20   19   20   21   22
   22   21   20   19   18   20   21   23   24   25   29   38   52   68   82   94
  103  111  120  132  147  163  175  183  184
     2.5-180.0 180.0   5.0 450.0                            LAT/LON1/LON2/DLON/H
  189  190  190  193  196  199  203  208  214  220  226  231  237  243  250  258
  267  274  276  270  257  242  228  214  195  169  139  111   90   76   66   59
   54   52   49   46   42   38   36   35   35   32   29   26   25   25   27   27
   26   23   21   19   19   20   22   25   26   27   31   39   52   68   84   96
  105  113  120  131  145  161  176  185  189
