software/testFile/data140
     1.0            IONOSPHERE MAPS     GNSS                IONEX VERSION / TYPE
ADDNEQ2 V5.3        AIUB                24-MAY-19 20:17     PGM / RUN BY / DATE 
CODE'S GLOBAL IONOSPHERE MAPS FOR DAY 140, 2019             COMMENT             
Global ionosphere maps (GIM) are generated on a daily basis DESCRIPTION         
at CODE using data from about 300 GNSS sites of the IGS and DESCRIPTION         
other institutions. The vertical total electron content     DESCRIPTION         
(VTEC) is modeled in a solar-geomagnetic reference frame    DESCRIPTION         
using a spherical harmonics expansion up to degree and      DESCRIPTION         
order 15. Piece-wise linear functions are used for          DESCRIPTION         
representation in the time domain. The time spacing of      DESCRIPTION         
their vertices is 1 hour, conforming with the epochs of the DESCRIPTION         
VTEC maps.                                                  DESCRIPTION         
To convert line-of-sight TEC into vertical TEC, a modified  DESCRIPTION         
single-layer model mapping function approximating the JPL   DESCRIPTION         
extended slab model mapping function is adopted. The        DESCRIPTION         
mapping function is evaluated at geodetic satellite         DESCRIPTION         
elevation angles. For the computation of the ionospheric    DESCRIPTION         
pierce points, a spherical layer with a radius of 6821 km   DESCRIPTION         
is assumed, implying geocentric, not geodetic IONEX         DESCRIPTION         
latitudes.                                                  DESCRIPTION         
Instrumental biases with respect to each involved GNSS code DESCRIPTION         
observable are estimated as constant values for each        DESCRIPTION         
day. They are modeled with one set of bias parameters for   DESCRIPTION         
each satellite and each station in case of GPS and for each DESCRIPTION         
satellite-station link in case of GLONASS. The code bias    DESCRIPTION         
datum is defined by zero-mean conditions imposed on the     DESCRIPTION         
satellite bias estimates. In this file, just GPS C1W-C2W    DESCRIPTION         
satellite and station bias values are included. The         DESCRIPTION         
complete set of GNSS code bias results is provided in an    DESCRIPTION         
additional Bias-SINEX file as pseudo-absolute values        DESCRIPTION         
specific to each observable.                                DESCRIPTION         
Note: These GIM results correspond to the results for the   DESCRIPTION         
middle day of a 3-day combination analysis solving for 73   DESCRIPTION         
times 256, or 18688 VTEC parameters and 3 daily sets of     DESCRIPTION         
GNSS code bias parameters.                                  DESCRIPTION         
Contact address: code(at)aiub.unibe.ch                      DESCRIPTION         
Data archive:    ftp.aiub.unibe.ch/CODE/                    DESCRIPTION         
                 www.aiub.unibe.ch/download/CODE/           DESCRIPTION         
  2019     5    20     0     0     0                        EPOCH OF FIRST MAP  
  2019     5    21     0     0     0                        EPOCH OF LAST MAP   
  3600                                                      INTERVAL            
[...]
chti chur coco cord cpvg cpxf cro1 daej darw dav1 dgar dhlg COMMENT             
drao dubo ebre faa1 fair flin flrs frdn ftna func ganp glps COMMENT             
glsv gmsd gode godz gol2 gold gope gras graz guat guug harb COMMENT             
hers hert hlfx hnpt hob2 hofn holb hrao hyde iddr ieng iisc COMMENT             
impz ineg invk iqal irkj isba jog2 joz2 joze kerg kir0 kiri COMMENT             
kiru kit3 kokb kokv kouc koug kour krgg lama laut lmmf lpal COMMENT             
lpgs m0se mac1 madr maju mana mas1 mat1 mate maui maw1 mcil COMMENT             
mcm4 mdo1 mdvj medi mets mgue mizu mkea mnls mobj mobk mobs COMMENT             
monp morp mqzg mro1 mtka nain nano naur nico nist nklg nnor COMMENT             
not1 nrc1 nril ntus nya1 nyal ohi2 ohi3 onsa opmt ous2 pado COMMENT             
park pdel penc pert pfa2 pie1 pimo pohn pol2 polv pots pove COMMENT             
prds ptag ptbb ptvl quin ramo reun reyk rgdg riop roth salu COMMENT             
samo sant savo sch2 scor scrz sctb seyg sfer sofi spt0 stjo COMMENT             
stk2 str2 suth sutm suwn sydn syog tabl tabv tash thtg thti COMMENT             
thu2 tid1 tidb tixg tixi tlse tn22 tong tow2 tro1 tsea tskb COMMENT             
twtf uclu ufpr ulab unb3 unbj unbn unsa untr urum usn7 usud COMMENT             
vaco vald vill voim vtsp wab1 wab2 wark wes2 wgtn whit will COMMENT             
wind wsrt wtza wtzl wtzr wtzs wtzz xmis yakt yar2 yar3 yarr COMMENT             
ycba yell yssk zamb zeck zim2 zim3 zimj zimm                COMMENT             
                                                            END OF HEADER       
[from data line 2145]
     6                                                      START OF TEC MAP    
  2019     5    20     5     0     0                        EPOCH OF CURRENT MAP
    87.5-180.0 180.0   5.0 450.0                            LAT/LON1/LON2/DLON/H
   85   86   86   86   86   86   86   86   86   86   85   85   85   85   84   84
   83   83   82   82   82   81   81   80   80   80   80   79   79   79   79   79
   79   78   78   78   78   78   78   78   78   78   78   78   78   78   78   79
   79   79   79   79   79   79   80   80   80   80   81   81   81   82   82   82
   83   83   84   84   84   85   85   85   85
    85.0-180.0 180.0   5.0 450.0                            LAT/LON1/LON2/DLON/H
   88   88   89   89   90   90   90   90   89   89   88   88   87   86   85   83
   82   81   80   79   78   77   76   76   75   75   74   74   74   74   74   74
   74   75   75   75   75   75   75   75   75   75   75   75   75   75   75   75
   75   75   75   75   76   76   76   76   77   77   78   78   79   79   80   81
   81   82   83   84   85   85   86   87   88
    82.5-180.0 180.0   5.0 450.0                            LAT/LON1/LON2/DLON/H
   88   89   90   91   92   93   93   93   92   91   90   89   87   85   83   81
   79   77   75   74   72   71   70   69   68   68   68   68   68   68   69   70
   70   71   72   72   72   72   72   72   72   72   72   71   71   71   71   71
   71   71   71   72   72   72   73   73   73   74   74   75   76   76   77   78
   78   79   80   82   83   84   85   87   88
    80.0-180.0 180.0   5.0 450.0                            LAT/LON1/LON2/DLON/H
   87   89   90   92   93   94   94   94   93   92   91   89   86   83   81   78
   75   72   69   67   65   63   62   61   60   60   60   61   61   63   64   65
   67   68   69   70   71   71   71   70   70   69   69   68   67   67   67   67
   67   68   68   69   69   70   70   71   71   72   72   72   73   73   74   74
   75   76   77   78   80   81   83   85   87
    77.5-180.0 180.0   5.0 450.0                            LAT/LON1/LON2/DLON/H
   84   86   88   90   92   93   94   94   93   91   89   87   83   80   76   73
   69   66   63   61   58   57   55   54   53   53   53   54   55   57   59   61
   63   66   67   69   69   69   69   68   67   66   65   64   64   64   64   64
   65   66   66   67   68   69   69   70   70   70   71   71   71   71   72   72
   72   73   74   75   76   78   80   82   84
    75.0-180.0 180.0   5.0 450.0                            LAT/LON1/LON2/DLON/H
   80   83   85   87   89   90   91   91   90   88   86   83   79   75   71   67
   63   60   58   55   53   52   50   49   49   48   48   49   50   52   54   57
   60   63   65   67   68   68   67   66   64   63   62   61   61   61   61   63
   64   65   66   67   68   69   69   70   70   70   70   71   71   71   71   71
   71   71   71   72   73   74   76   78   80
    72.5-180.0 180.0   5.0 450.0                            LAT/LON1/LON2/DLON/H
   77   79   81   83   85   86   87   87   85   83   80   77   73   69   65   61
   58   55   53   52   51   50   49   47   46   45   45   45   45   47   50   53
   56   60   63   65   66   65   64   63   61   59   58   58   58   59   61   63
   64   66   68   69   69   70   70   70   70   70   70   70   70   71   70   70
   70   70   70   71   71   72   73   75   77
    70.0-180.0 180.0   5.0 450.0                            LAT/LON1/LON2/DLON/H
   75   76   78   79   81   81   82   81   79   77   74   70   66   62   58   55
   52   50   50   49   49   49   49   48   46   44   42   41   41   42   44   48
   52   56   59   61   62   62   60   58   57   55   55   56   57   59   62   65
   67   69   70   71   71   70   70   69   69   69   69   70   70   71   71   71
   71   71   71   71   71   72   73   74   75
    67.5-180.0 180.0   5.0 450.0                            LAT/LON1/LON2/DLON/H
   75   75   76   77   77   77   76   75   73   70   67   63   59   55   52   49
   47   46   46   47   48   49   49   48   47   44   41   38   37   37   39   42
   46   50   53   56   57   56   55   53   52   52   53   55   58   62   65   69
   71   73   73   73   71   70   69   68   67   67   68   69   70   70   71   71
   72   72   72   72   73   73   73   74   75
    65.0-180.0 180.0   5.0 450.0                            LAT/LON1/LON2/DLON/H
   77   77   76   76   75   74   72   70   67   64   60   57   53   49   46   44
   42   42   42   44   46   48   49   48   46   43   39   35   33   32   33   36
   39   44   47   49   50   50   49   49   49   50   53   57   61   66   71   74
   76   77   76   74   72   70   67   66   65   65   66   67   69   70   71   71
   72   72   73   74   74   75   76   76   77
    62.5-180.0 180.0   5.0 450.0                            LAT/LON1/LON2/DLON/H
   80   80   79   78   76   74   71   68   64   60   55   52   48   45   42   40
   38   38   38   40   42   44   46   46   44   41   37   32   29   27   27   30
   33   37   41   43   44   44   44   45   47   50   55   61   67   72   77   80
   81   81   79   76   73   70   67   65   64   65   66   67   68   69   70   70
   71   72   73   74   76   78   79   80   80
    60.0-180.0 180.0   5.0 450.0                            LAT/LON1/LON2/DLON/H
   85   85   84   83   81   77   73   68   63   58   53   49   45   42   40   37
   35   34   34   34   36   38   40   41   40   38   34   29   25   23   23   25
   28   32   35   37   38   39   40   43   47   52   59   67   74   79   83   86
   86   85   83   79   75   71   68   67   66   66   68   69   69   70   70   69
   69   70   72   74   76   79   82   84   85
    57.5-180.0 180.0   5.0 450.0                            LAT/LON1/LON2/DLON/H
   89   91   91   90   87   84   79   73   66   60   54   49   45   42   39   37
   34   32   30   29   30   32   34   36   36   34   31   27   23   21   21   23
   25   28   31   32   34   36   38   43   49   57   66   74   81   86   90   91
   91   90   87   84   80   76   73   72   71   72   72   73   73   72   70   69
   68   68   69   72   76   80   84   87   89
    55.0-180.0 180.0   5.0 450.0                            LAT/LON1/LON2/DLON/H
   93   96   97   97   96   93   88   81   73   65   58   52   47   44   42   39
   36   32   29   26   26   26   29   31   32   31   29   26   23   22   22   23
   25   27   29   30   32   35   39   46   54   63   73   82   89   93   95   96
   96   95   94   92   89   86   83   81   80   80   80   80   79   76   73   70
   67   66   67   70   74   79   84   89   93
    52.5-180.0 180.0   5.0 450.0                            LAT/LON1/LON2/DLON/H
   95   99  102  104  104  103   99   92   84   74   65   58   52   49   46   44
   40   36   31   27   25   24   26   28   30   30   29   27   25   24   24   25
   27   28   29   30   33   37   43   51   61   71   82   90   96   99  101  102
  103  104  104  104  102   99   95   93   92   91   90   89   86   82   78   73
   69   67   67   69   73   78   84   90   95
    50.0-180.0 180.0   5.0 450.0                            LAT/LON1/LON2/DLON/H
   96  101  105  109  111  112  110  105   97   87   76   67   60   55   52   50
   47   43   38   32   29   27   28   30   32   33   32   30   29   28   29   29
   30   30   31   32   36   41   49   58   69   80   90   98  103  106  107  109
  112  115  118  119  118  115  111  107  104  103  101   98   95   90   84   79
   74   70   69   70   73   78   84   90   96
    47.5-180.0 180.0   5.0 450.0                            LAT/LON1/LON2/DLON/H
   96  101  106  111  115  119  120  117  111  101   89   79   70   64   61   58
   56   53   48   42   37   35   35   36   38   38   37   35   34   33   34   34
   34   33   34   36   40   47   56   66   77   88   98  106  111  113  115  119
  124  130  135  137  136  132  126  121  116  113  111  107  103   98   92   87
   82   78   75   75   76   80   85   91   96
    45.0-180.0 180.0   5.0 450.0                            LAT/LON1/LON2/DLON/H
   97  101  105  110  116  122  127  128  124  115  104   92   82   74   70   68
   66   63   59   54   49   46   45   46   46   45   43   41   39   38   39   38
   38   37   37   40   45   54   64   75   86   97  106  114  119  123  126  131
  138  147  154  157  155  149  141  133  127  122  119  115  111  107  102   97
   92   88   85   83   83   85   88   93   97
    42.5-180.0 180.0   5.0 450.0                            LAT/LON1/LON2/DLON/H
  100  102  104  108  115  124  132  137  136  129  118  106   94   85   79   76
   75   74   71   66   61   58   56   56   56   54   50   46   44   43   42   42
   40   39   40   43   51   61   72   83   94  105  115  123  129  133  138  145
  154  164  172  174  171  162  152  143  135  130  126  122  118  115  112  108
  105  102   98   95   93   93   95   98  100
    40.0-180.0 180.0   5.0 450.0                            LAT/LON1/LON2/DLON/H
  107  106  106  108  114  124  135  143  145  141  131  119  106   96   88   84
   83   82   81   77   73   69   67   66   64   61   56   51   48   46   45   44
   42   41   42   47   55   67   79   91  102  113  123  132  139  145  152  160
  169  179  186  188  183  173  161  150  142  136  132  129  126  124  122  120
  119  117  113  109  106  105  105  106  107
    37.5-180.0 180.0   5.0 450.0                            LAT/LON1/LON2/DLON/H
  118  116  113  111  115  125  137  147  152  149  141  129  117  105   96   90
   88   88   87   84   80   77   74   73   70   66   60   54   50   48   47   45
   43   42   44   49   59   72   85   97  109  120  130  141  150  157  164  172
  181  190  195  195  189  179  167  157  149  144  141  138  135  133  132  132
  132  131  128  125  121  118  118  119  118
    35.0-180.0 180.0   5.0 450.0                            LAT/LON1/LON2/DLON/H
  135  132  126  122  122  130  141  151  155  153  146  136  124  112  101   94
   90   89   89   87   83   80   78   76   73   68   62   56   51   49   47   46
   44   43   45   51   62   75   90  103  114  126  137  149  159  167  173  179
  186  193  197  196  191  182  172  164  158  154  152  149  146  144  143  143
  144  144  142  139  135  133  134  135  135
    32.5-180.0 180.0   5.0 450.0                            LAT/LON1/LON2/DLON/H
  156  153  147  140  137  140  148  155  157  154  147  138  127  115  104   95
   90   88   87   86   83   80   77   75   73   68   62   56   51   49   47   46
   44   44   45   52   63   77   92  106  118  130  142  154  164  172  177  181
  185  190  192  192  188  182  176  171  168  167  165  163  160  156  154  153
  154  155  154  152  149  148  150  154  156
    30.0-180.0 180.0   5.0 450.0                            LAT/LON1/LON2/DLON/H
  179  179  173  165  158  157  159  160  158  151  143  134  125  115  104   93
   87   84   83   82   79   77   75   73   70   66   60   55   51   48   47   46
   44   44   46   52   63   77   93  107  120  131  144  156  166  172  175  176
  178  180  182  182  182  180  179  179  180  181  181  179  175  169  165  162
  162  164  164  164  162  162  166  173  179
    27.5-180.0 180.0   5.0 450.0                            LAT/LON1/LON2/DLON/H
  201  206  203  194  184  178  173  167  157  146  135  127  120  112  101   90
   82   79   77   77   75   73   71   70   67   63   58   53   49   47   46   45
   44   44   46   51   61   75   91  106  118  130  142  153  162  167  168  167
  166  167  169  171  175  178  182  186  190  193  195  194  190  183  175  171
  169  171  173  173  173  175  181  191  201
    25.0-180.0 180.0   5.0 450.0                            LAT/LON1/LON2/DLON/H
  220  230  230  223  211  200  188  174  157  139  125  117  112  106   96   86
   78   73   72   72   71   70   69   67   64   60   55   51   48   46   45   44
   44   44   45   49   57   70   86  101  114  125  136  146  154  157  157  155
  153  153  156  161  168  176  184  191  197  203  207  207  203  195  185  179
  176  178  181  183  184  186  194  206  220
    22.5-180.0 180.0   5.0 450.0                            LAT/LON1/LON2/DLON/H
  234  248  253  247  235  219  201  179  155  132  115  106  102   98   91   81
   73   69   68   68   69   69   68   66   62   57   52   48   45   43   42   42
   43   43   44   46   52   64   79   94  107  118  128  137  143  146  145  143
  142  143  147  154  164  175  185  193  201  208  214  216  213  204  194  186
  183  185  189  192  194  196  203  217  234
    20.0-180.0 180.0   5.0 450.0                            LAT/LON1/LON2/DLON/H
  241  257  266  263  250  232  208  181  152  125  106   97   94   91   86   78
   70   66   65   66   67   68   68   66   61   55   49   45   42   41   40   40
   40   41   41   42   46   56   70   85   98  108  117  126  132  135  135  135
  136  138  143  151  163  175  185  193  200  208  216  221  219  211  201  194
  191  193  198  202  204  205  210  223  241
    17.5-180.0 180.0   5.0 450.0                            LAT/LON1/LON2/DLON/H
  241  258  268  267  255  234  208  177  146  118   99   89   87   85   81   75
   68   64   63   64   67   69   69   66   60   52   46   41   39   37   36   36
   37   38   38   37   40   48   61   75   88   98  107  115  122  126  129  132
  136  140  145  154  165  176  185  191  197  206  215  222  222  216  208  201
  199  202  208  213  214  213  215  224  241
    15.0-180.0 180.0   5.0 450.0                            LAT/LON1/LON2/DLON/H
  236  251  261  260  248  226  199  168  137  111   93   85   83   81   78   73
   68   64   63   64   66   68   69   66   59   50   42   37   35   34   32   32
   34   35   34   33   33   40   52   66   79   89   99  107  114  121  127  134
  141  147  153  161  171  181  187  191  196  204  215  222  224  219  213  208
  208  212  218  223  223  220  218  223  236
    12.5-180.0 180.0   5.0 450.0                            LAT/LON1/LON2/DLON/H
  227  239  247  245  232  210  182  153  126  104   90   83   81   80   77   73
   69   66   64   64   65   67   68   64   56   47   39   34   32   31   29   29
   30   31   31   28   28   33   44   58   71   82   92  102  110  119  129  140
  150  157  164  171  180  188  193  195  199  207  217  224  226  222  218  215
  216  220  226  231  230  225  220  220  227
    10.0-180.0 180.0   5.0 450.0                            LAT/LON1/LON2/DLON/H
  218  225  230  225  211  188  162  136  113   97   88   83   81   79   77   75
   72   69   66   64   64   65   65   61   53   43   35   31   30   29   27   27
   28   28   28   25   24   28   38   52   65   78   89   99  108  119  132  147
  159  168  175  183  191  199  203  205  208  216  224  230  230  226  222  221
  222  226  231  235  234  228  220  216  218
     7.5-180.0 180.0   5.0 450.0                            LAT/LON1/LON2/DLON/H
  211  214  214  207  191  168  142  119  102   92   86   83   81   78   77   76
   75   72   68   64   62   62   61   57   49   40   33   29   29   28   27   26
   26   26   26   23   22   25   35   48   62   75   87   97  108  120  135  152
  167  177  184  193  203  212  218  220  224  230  237  239  235  229  225  224
  226  229  232  235  234  228  220  213  211
     5.0-180.0 180.0   5.0 450.0                            LAT/LON1/LON2/DLON/H
  207  206  203  194  176  152  127  106   93   87   85   83   80   78   77   77
   77   75   71   65   61   59   57   53   46   37   31   29   29   29   27   26
   25   26   25   23   21   24   33   45   60   73   85   96  107  120  137  155
  170  181  190  200  213  225  233  238  242  248  252  250  242  232  226  225
  225  226  227  229  228  225  218  211  207
     2.5-180.0 180.0   5.0 450.0                            LAT/LON1/LON2/DLON/H
  206  203  198  187  169  145  120  100   89   85   84   82   79   76   75   77
   79   78   73   67   61   57   54   49   43   36   31   30   30   30   29   27
   26   26   25   24   22   24   32   44   58   72   84   94  105  118  135  153
  169  180  190  203  219  235  246  253  259  265  266  259  246  232  224  221
  220  219  217  217  218  216  213  209  206
