webBased/app/bin/test4/CODG2000.06I
     1.0            IONOSPHERE MAPS     GNSS                IONEX VERSION / TYPE
ADDNEQ2 V5.1        AIUB                24-JUL-06 02:29     PGM / RUN BY / DATE 
CODE'S GLOBAL IONOSPHERE MAPS FOR DAY 200, 2006             COMMENT             
Global ionosphere maps (GIM) are generated on a daily basis DESCRIPTION         
at CODE using data from about 150 GPS sites of the IGS and  DESCRIPTION         
other institutions. The vertical total electron content     DESCRIPTION         
(VTEC) is modeled in a solar-geomagnetic reference frame    DESCRIPTION         
using a spherical harmonics expansion up to degree and      DESCRIPTION         
order 15. Piece-wise linear functions are used for          DESCRIPTION         
representation in the time domain. The time spacing of      DESCRIPTION         
their vertices is 2 hours, conforming with the epochs of    DESCRIPTION         
the VTEC maps. Instrumental biases, so-called differential  DESCRIPTION         
P1-P2 code biases (DCB), for all GPS satellites and ground  DESCRIPTION         
stations are estimated as constant values for each day,     DESCRIPTION         
simultaneously with the 13 times 256, or 3328 parameters    DESCRIPTION         
used to represent the global VTEC distribution. The DCB     DESCRIPTION         
datum is defined by a zero-mean condition imposed on the    DESCRIPTION         
satellite bias estimates. P1-C1 bias corrections are taken  DESCRIPTION         
into account if needed. To convert line-of-sight TEC into   DESCRIPTION         
vertical TEC, a modified single-layer model mapping         DESCRIPTION         
function approximating the JPL extended slab model mapping  DESCRIPTION         
function is adopted. The mapping function is evaluated at   DESCRIPTION         
geodetic satellite elevation angles. For the computation of DESCRIPTION         
the ionospheric pierce points, a spherical layer with a     DESCRIPTION         
radius of 6821 km is assumed, implying geocentric, not      DESCRIPTION         
geodetic IONEX latitudes.                                   DESCRIPTION         
Note: These GIM results correspond to the results for the   DESCRIPTION         
middle day of a 3-day combination analysis solving for 37   DESCRIPTION         
times 256, or 9472 VTEC parameters and one common set of    DESCRIPTION         
satellite and 24-hour receiver DCB constants.               DESCRIPTION         
Contact address: stefan.schaer or igsauto @aiub.unibe.ch    DESCRIPTION         
Web site:        http://www.aiub.unibe.ch/ionosphere/       DESCRIPTION         
Data archive:    ftp://ftp.unibe.ch/aiub/CODE/              DESCRIPTION         
                 http://www.aiub.unibe.ch/download/CODE/    DESCRIPTION         
  2006     7    19     0     0     0                        EPOCH OF FIRST MAP  
  2006     7    20     0     0     0                        EPOCH OF LAST MAP   
  7200                                                      INTERVAL            
    13                                                      # OF MAPS IN FILE   
  NONE                                                      MAPPING FUNCTION    
    10.0                                                    ELEVATION CUTOFF    
One-way carrier phase leveled to code                       OBSERVABLES USED    
[...]
 257                                                        COMMENT             
List of stations:                                           COMMENT             
albh algo alic alrt amc2 amu2 areq artu aspa auck azco bahr COMMENT             
bako bili bjfs bogt bor1 braz brft brmu brus cagl cagz cas1 COMMENT             
cedu chat chpi chur coco conz crar cro1 daej darr darw dav1 COMMENT             
dgar drao dubo dwh1 ebre fair flin glps glsv gode godz gope COMMENT             
gras graz guam guat harb hers hert hflk hob2 hofn holb holm COMMENT             
hrao hyde ieng iisc invk irkj irkt ispa jab1 jama joz2 joze COMMENT             
karr kely kerg khaj kir0 kiru kodk kokb kosg kou1 kour kunm COMMENT             
lama lhaz lpal lpgs mac1 madr mali mas1 mat1 mate maui maw1 COMMENT             
mbar mcm4 mdo1 mdvj medi mets metz mizu mkea monp morp msku COMMENT             
mtka nano nisu nklg nlib not1 noum novj npld nrc1 nril ntus COMMENT             
nya1 obe2 ohi2 ohi3 onsa pado pdel pert petp pie1 pimo pol2 COMMENT             
pots ptbb qaq1 rabt ramo reso reun reyk reyz riog sant sch2 COMMENT             
scub sele sey1 sfer sofi spt0 ssia stjo str2 sunm suth sydn COMMENT             
syog thti thu2 thu3 tidb tixi tlse tow2 trab tro1 tskb twtf COMMENT             
uclu unb1 urum usn3 usno usud vill wab1 wab2 wes2 whit will COMMENT             
wsrt wtza wtzj wtzl wtzr wtzs wtzz wuhn yakt yar2 yarr yell COMMENT             
yibl yssk zimj zimm zimt zwe2                               COMMENT             
                                                            END OF HEADER       
[from data line 5148]
    13                                                      START OF TEC MAP    
  2006     7    20     0     0     0                        EPOCH OF CURRENT MAP
    87.5-180.0 180.0   5.0 450.0                            LAT/LON1/LON2/DLON/H
   91   91   91   91   91   91   90   90   90   89   89   88   88   87   87   86
   86   85   84   84   83   83   82   81   81   80   80   79   79   79   78   78
   78   78   78   78   78   78   78   78   79   79   79   80   80   81   81   82
   82   83   83   84   85   85   86   86   87   87   88   88   89   89   89   90
   90   90   91   91   91   91   91   91   91
    85.0-180.0 180.0   5.0 450.0                            LAT/LON1/LON2/DLON/H
   97   97   96   96   96   96   95   95   94   94   93   92   91   91   90   89
   88   87   86   85   83   82   81   80   79   78   77   76   75   74   74   73
   73   73   73   73   73   73   73   74   75   75   76   77   78   79   80   81
   82   83   84   85   86   86   87   88   89   90   90   91   92   92   93   94
   94   95   95   95   96   96   96   96   97
    82.5-180.0 180.0   5.0 450.0                            LAT/LON1/LON2/DLON/H
   99   99   99   99   99   99   98   98   97   97   96   95   95   94   93   92
   91   89   88   87   85   84   82   81   79   78   76   75   73   72   71   71
   70   70   70   70   70   70   71   72   73   74   75   76   77   79   80   81
   83   84   85   86   87   87   88   89   89   90   91   91   92   93   94   94
   95   96   97   97   98   98   99   99   99
    80.0-180.0 180.0   5.0 450.0                            LAT/LON1/LON2/DLON/H
   98   98   98   98   98   98   98   98   98   97   97   97   96   96   95   94
   93   92   91   90   88   87   85   83   81   79   77   75   74   72   71   70
   70   69   69   69   69   70   70   71   72   73   75   76   78   80   81   83
   84   85   86   87   87   88   88   88   88   88   89   89   90   90   91   92
   93   94   95   96   96   97   97   98   98
    77.5-180.0 180.0   5.0 450.0                            LAT/LON1/LON2/DLON/H
   94   94   94   95   95   95   95   95   95   96   96   96   96   96   96   96
   96   95   94   93   92   90   88   86   83   81   79   76   74   73   72   71
   70   70   70   70   70   71   71   72   72   73   75   76   78   80   82   84
   85   86   87   87   87   86   86   85   84   84   84   84   84   85   86   87
   88   89   90   91   92   93   93   94   94
    75.0-180.0 180.0   5.0 450.0                            LAT/LON1/LON2/DLON/H
   88   88   88   89   89   89   90   91   91   92   93   94   95   95   96   96
   97   97   97   96   95   93   91   88   86   83   80   77   75   73   72   71
   71   71   71   71   71   71   71   71   71   72   73   75   77   79   81   83
   85   86   86   86   85   83   82   81   79   78   78   78   78   78   79   80
   82   83   84   85   86   87   87   88   88
    72.5-180.0 180.0   5.0 450.0                            LAT/LON1/LON2/DLON/H
   82   82   82   82   83   83   84   85   87   88   89   91   92   94   95   96
   97   98   98   97   97   95   93   90   87   83   79   76   73   71   70   70
   71   71   72   72   72   71   70   69   68   68   69   71   73   76   78   81
   83   84   84   83   81   80   78   76   74   73   73   73   73   73   74   75
   77   78   79   80   81   81   82   82   82
    70.0-180.0 180.0   5.0 450.0                            LAT/LON1/LON2/DLON/H
   77   77   77   77   78   79   80   81   82   84   86   88   90   92   94   95
   97   97   98   98   97   96   94   91   87   82   78   74   70   68   68   68
   69   70   71   71   70   69   67   65   63   62   63   64   66   70   73   76
   78   79   80   79   77   76   74   73   72   71   71   71   72   72   72   73
   74   75   77   78   78   78   78   78   77
    67.5-180.0 180.0   5.0 450.0                            LAT/LON1/LON2/DLON/H
   76   75   75   75   76   76   77   78   79   81   83   86   89   91   93   95
   96   97   97   97   97   96   94   91   86   81   76   71   67   64   63   64
   65   67   68   68   67   64   61   58   56   55   55   56   59   62   66   69
   72   74   74   74   74   73   72   73   73   74   75   76   76   75   75   75
   75   76   77   78   79   79   78   77   76
    65.0-180.0 180.0   5.0 450.0                            LAT/LON1/LON2/DLON/H
   79   78   77   77   77   78   78   78   79   80   82   85   88   91   93   95
   96   96   96   96   96   95   93   91   86   81   74   68   64   61   59   60
   61   63   64   63   62   59   55   52   49   47   47   48   51   55   59   62
   65   68   69   70   71   72   74   76   79   82   85   86   85   84   82   80
   79   80   81   82   83   83   82   81   79
    62.5-180.0 180.0   5.0 450.0                            LAT/LON1/LON2/DLON/H
   86   85   84   83   83   83   82   81   80   81   82   85   89   92   94   96
   96   96   95   95   94   94   93   91   87   81   75   68   62   59   57   57
   58   59   59   58   56   53   49   46   43   41   42   43   46   49   52   56
   59   62   64   66   69   73   78   84   90   95   99  101   99   95   91   87
   85   85   86   88   89   90   89   88   86
    60.0-180.0 180.0   5.0 450.0                            LAT/LON1/LON2/DLON/H
   95   93   93   93   92   91   89   86   84   83   84   86   90   93   96   97
   96   95   94   93   93   94   94   93   89   84   77   70   64   59   57   56
   56   56   55   54   51   48   44   42   40   40   40   42   44   46   49   51
   54   57   61   65   70   76   84   93  103  111  116  118  115  108  101   95
   91   90   92   94   97   98   98   96   95
    57.5-180.0 180.0   5.0 450.0                            LAT/LON1/LON2/DLON/H
  103  103  103  104  103  101   98   93   89   86   86   88   91   94   97   98
   97   95   93   92   92   94   95   95   93   88   81   74   68   63   60   58
   57   56   53   51   47   45   42   41   41   42   43   45   46   47   48   49
   51   54   59   65   72   81   92  104  116  126  133  134  129  120  109  100
   95   94   96  100  103  105  106  105  103
    55.0-180.0 180.0   5.0 450.0                            LAT/LON1/LON2/DLON/H
  111  111  112  114  114  112  108  102   96   91   89   90   92   95   97   98
   96   94   92   91   92   94   97   98   97   92   86   80   74   69   66   63
   60   57   53   49   46   44   43   43   45   48   50   51   51   50   49   48
   50   53   59   66   75   86   99  112  126  138  145  146  139  128  115  103
   97   95   98  103  108  111  112  111  111
    52.5-180.0 180.0   5.0 450.0                            LAT/LON1/LON2/DLON/H
  114  116  119  122  124  122  118  111  104   98   95   93   94   96   97   97
   96   94   92   92   93   96   99  101  100   96   91   85   80   76   73   69
   65   60   55   50   46   45   45   48   52   55   58   59   58   56   52   50
   50   53   60   69   80   91  104  117  131  143  151  151  144  132  117  104
   97   96   99  105  110  113  114  114  114
    50.0-180.0 180.0   5.0 450.0                            LAT/LON1/LON2/DLON/H
  115  118  122  127  130  130  127  121  113  107  102   99   97   97   97   97
   96   94   93   93   95   98  101  103  102   99   94   89   85   82   79   75
   70   64   57   51   48   48   49   53   58   63   66   68   66   61   56   52
   51   55   63   73   84   95  106  118  130  142  149  150  143  131  117  104
   97   96   99  105  110  113  114  114  115
    47.5-180.0 180.0   5.0 450.0                            LAT/LON1/LON2/DLON/H
  113  116  121  127  132  134  133  129  123  117  111  106  102  100   98   97
   97   96   96   97   98  101  103  104  103  100   96   91   88   86   83   79
   73   66   59   53   51   51   54   58   64   69   73   74   71   66   59   54
   53   57   65   76   87   96  105  114  123  133  141  143  138  128  115  105
   99   98  101  105  109  111  112  112  113
    45.0-180.0 180.0   5.0 450.0                            LAT/LON1/LON2/DLON/H
  110  113  118  125  131  135  136  135  132  127  122  116  110  104  101   99
   99  100  101  102  103  105  106  106  104  101   96   92   89   87   85   81
   75   67   60   55   53   54   58   62   68   73   76   77   75   69   62   56
   54   58   68   79   89   96  100  105  112  121  128  132  130  124  115  108
  103  102  104  107  109  110  110  109  110
    42.5-180.0 180.0   5.0 450.0                            LAT/LON1/LON2/DLON/H
  109  110  115  121  127  133  136  138  139  138  134  128  120  112  107  104
  104  106  107  108  109  109  109  108  106  101   96   91   88   86   84   80
   73   66   59   56   55   57   61   65   70   74   77   78   76   71   64   58
   56   59   68   79   88   92   94   95  100  107  115  120  122  120  116  113
  110  110  110  110  110  110  109  109  109
    40.0-180.0 180.0   5.0 450.0                            LAT/LON1/LON2/DLON/H
  111  111  113  117  123  129  134  140  144  147  145  140  131  122  115  111
  112  113  115  116  115  114  113  112  108  103   98   92   88   85   81   76
   70   63   58   55   56   59   63   68   71   74   77   77   76   71   65   59
   56   59   67   77   84   87   86   85   88   94  103  111  116  119  120  120
  120  119  117  115  114  113  112  112  111
    37.5-180.0 180.0   5.0 450.0                            LAT/LON1/LON2/DLON/H
  117  115  115  116  120  125  132  139  147  154  156  152  143  133  125  121
  120  122  123  123  122  120  118  116  113  108  101   94   88   83   78   72
   65   59   55   55   57   62   66   70   73   75   76   76   75   71   66   60
   56   58   64   72   78   80   78   77   79   86   95  104  112  118  123  127
  128  127  124  121  119  119  119  119  117
    35.0-180.0 180.0   5.0 450.0                            LAT/LON1/LON2/DLON/H
  128  124  121  120  121  125  131  140  150  159  164  162  154  144  135  131
  129  130  130  129  127  125  123  121  119  114  107   99   90   82   75   67
   60   55   53   54   59   64   69   73   76   77   77   76   74   71   66   60
   56   56   60   67   72   73   72   72   75   82   92  102  111  119  126  132
  135  134  131  127  125  127  129  130  128
    32.5-180.0 180.0   5.0 450.0                            LAT/LON1/LON2/DLON/H
  142  138  133  129  128  130  134  142  153  163  170  170  163  154  145  140
  138  136  135  133  131  129  127  127  125  121  114  104   93   82   73   64
   56   52   51   55   60   67   73   77   80   81   79   76   73   70   66   60
   55   53   55   60   64   67   68   70   75   84   94  103  111  119  127  133
  137  137  134  131  131  135  140  143  142
    30.0-180.0 180.0   5.0 450.0                            LAT/LON1/LON2/DLON/H
  157  153  148  144  141  141  143  148  158  168  175  176  170  162  154  148
  144  141  138  136  133  132  131  131  131  127  120  108   95   83   71   62
   54   51   52   56   63   69   76   82   85   85   82   77   72   68   64   59
   54   50   50   54   58   62   66   71   80   90   99  106  112  118  125  131
  135  136  134  133  136  143  152  157  157
    27.5-180.0 180.0   5.0 450.0                            LAT/LON1/LON2/DLON/H
  171  169  165  162  159  157  157  160  167  176  182  182  177  169  161  154
  149  144  140  137  135  134  134  134  134  131  123  110   96   82   70   61
   54   52   54   59   65   72   78   85   89   88   83   76   69   65   62   57
   52   48   47   49   53   59   66   75   86   97  105  111  113  116  120  125
  130  132  133  134  140  150  161  169  171
    25.0-180.0 180.0   5.0 450.0                            LAT/LON1/LON2/DLON/H
  182  183  181  180  179  177  175  176  181  187  190  189  183  175  168  160
  154  147  143  140  138  137  136  135  134  130  121  109   94   80   69   61
   56   54   57   62   67   73   79   85   90   89   82   73   64   60   57   54
   50   46   44   46   51   58   67   80   93  104  111  114  114  113  115  118
  123  127  130  135  142  154  167  177  182
    22.5-180.0 180.0   5.0 450.0                            LAT/LON1/LON2/DLON/H
  188  192  194  196  198  197  195  195  197  201  202  198  191  183  175  168
  160  152  147  144  143  142  139  135  131  125  116  103   89   76   67   61
   58   58   61   65   69   72   77   82   87   86   78   67   58   53   52   50
   47   44   43   45   49   58   69   84   98  110  116  117  114  111  111  113
  118  124  130  136  144  156  170  181  188
    20.0-180.0 180.0   5.0 450.0                            LAT/LON1/LON2/DLON/H
  191  197  203  208  212  214  213  213  215  216  215  210  202  193  186  178
  169  160  155  153  152  148  142  134  126  117  107   94   82   71   65   62
   61   62   65   67   69   70   72   76   80   79   71   59   50   46   46   46
   45   43   42   44   49   58   71   87  101  112  118  118  115  112  110  111
  117  125  132  139  147  158  170  182  191
    17.5-180.0 180.0   5.0 450.0                            LAT/LON1/LON2/DLON/H
  190  199  207  214  221  225  226  228  230  231  229  223  214  206  199  191
  182  172  167  165  163  157  146  132  119  108   97   85   74   66   63   62
   64   65   67   68   67   66   66   68   71   70   62   51   43   40   41   43
   42   41   41   43   49   58   72   87  102  112  117  119  117  115  113  115
  121  130  139  146  152  160  170  180  190
    15.0-180.0 180.0   5.0 450.0                            LAT/LON1/LON2/DLON/H
  188  197  206  215  222  228  232  236  240  242  240  235  227  220  214  207
  198  188  182  179  176  167  151  131  113   99   87   76   67   62   61   63
   66   67   68   67   65   61   59   60   62   60   53   44   38   36   38   40
   40   39   40   42   47   57   70   86   99  109  115  119  120  120  120  122
  129  139  148  154  158  163  170  179  188
    12.5-180.0 180.0   5.0 450.0                            LAT/LON1/LON2/DLON/H
  187  195  203  211  218  225  231  238  243  247  247  243  238  234  230  225
  216  206  199  195  189  176  156  131  109   92   80   70   63   59   61   64
   67   68   67   65   61   57   53   53   54   53   47   40   36   35   37   38
   38   37   37   39   44   53   67   82   95  105  112  119  124  128  129  132
  139  149  159  164  165  167  171  178  187
    10.0-180.0 180.0   5.0 450.0                            LAT/LON1/LON2/DLON/H
  187  193  199  205  211  218  225  233  240  245  247  246  245  244  244  241
  233  223  215  208  200  183  159  130  106   88   77   68   62   59   62   66
   68   68   66   62   58   53   50   49   50   49   45   40   37   37   38   37
   35   34   34   35   40   48   62   77   90  100  109  118  128  135  139  143
  149  159  168  172  172  171  174  179  187
     7.5-180.0 180.0   5.0 450.0                            LAT/LON1/LON2/DLON/H
  188  193  196  199  204  210  216  224  231  237  241  243  246  250  253  252
  246  236  226  217  205  186  159  129  104   87   76   69   63   62   64   68
   69   67   64   59   55   51   49   49   50   49   47   43   41   41   40   37
   33   31   30   31   34   42   56   71   85   96  106  117  130  140  146  150
  157  166  174  178  177  176  177  182  188
     5.0-180.0 180.0   5.0 450.0                            LAT/LON1/LON2/DLON/H
  190  193  195  196  199  203  209  215  221  226  231  235  241  249  255  257
  253  243  232  220  205  183  155  126  102   87   78   71   67   65   66   69
   69   66   61   57   53   51   51   52   53   53   51   48   46   44   41   37
   32   29   28   28   30   37   50   65   80   91  102  115  130  141  149  153
  159  167  175  179  179  178  180  185  190
     2.5-180.0 180.0   5.0 450.0                            LAT/LON1/LON2/DLON/H
  191  193  194  194  197  201  205  209  212  215  219  224  232  242  250  254
  252  243  230  216  198  175  147  120   99   86   79   74   70   67   68   69
   69   65   60   55   53   52   53   55   57   57   56   53   50   47   42   36
   31   28   27   26   27   32   44   60   75   87   98  111  126  139  146  151
  156  163  170  175  176  178  181  186  191
