webBased/app/bin/test4/CODG2000.06I
     1.0            IONOSPHERE MAPS     GNSS                IONEX VERSION / TYPE
ADDNEQ2 V5.1        AIUB                24-JUL-06 02:29     PGM / RUN BY / DATE 
CODE'S GLOBAL IONOSPHERE MAPS FOR DAY 200, 2006             COMMENT             
Global ionosphere maps (GIM) are generated on a daily basis DESCRIPTION         
at CODE using data from about 150 GPS sites of the IGS and  DESCRIPTION         
other institutions. The vertical total electron content     DESCRIPTION         
(VTEC) is modeled in a solar-geomagnetic reference frame    DESCRIPTION         
using a spherical harmonics expansion up to degree and      DESCRIPTION         
order 15. Piece-wise linear functions are used for          DESCRIPTION         
representation in the time domain. The time spacing of      DESCRIPTION         
their vertices is 2 hours, conforming with the epochs of    DESCRIPTION         
the VTEC maps. Instrumental biases, so-called differential  DESCRIPTION         
P1-P2 code biases (DCB), for all GPS satellites and ground  DESCRIPTION         
stations are estimated as constant values for each day,     DESCRIPTION         
simultaneously with the 13 times 256, or 3328 parameters    DESCRIPTION         
used to represent the global VTEC distribution. The DCB     DESCRIPTION         
datum is defined by a zero-mean condition imposed on the    DESCRIPTION         
satellite bias estimates. P1-C1 bias corrections are taken  DESCRIPTION         
into account if needed. To convert line-of-sight TEC into   DESCRIPTION         
vertical TEC, a modified single-layer model mapping         DESCRIPTION         
function approximating the JPL extended slab model mapping  DESCRIPTION         
function is adopted. The mapping function is evaluated at   DESCRIPTION         
geodetic satellite elevation angles. For the computation of DESCRIPTION         
the ionospheric pierce points, a spherical layer with a     DESCRIPTION         
radius of 6821 km is assumed, implying geocentric, not      DESCRIPTION         
geodetic IONEX latitudes.                                   DESCRIPTION         
Note: These GIM results correspond to the results for the   DESCRIPTION         
middle day of a 3-day combination analysis solving for 37   DESCRIPTION         
times 256, or 9472 VTEC parameters and one common set of    DESCRIPTION         
satellite and 24-hour receiver DCB constants.               DESCRIPTION         
Contact address: stefan.schaer or igsauto @aiub.unibe.ch    DESCRIPTION         
Web site:        http://www.aiub.unibe.ch/ionosphere/       DESCRIPTION         
Data archive:    ftp://ftp.unibe.ch/aiub/CODE/              DESCRIPTION         
                 http://www.aiub.unibe.ch/download/CODE/    DESCRIPTION         
  2006     7    19     0     0     0                        EPOCH OF FIRST MAP  
  2006     7    20     0     0     0                        EPOCH OF LAST MAP   
  7200                                                      INTERVAL            
    13                                                      # OF MAPS IN FILE   
  NONE                                                      MAPPING FUNCTION    
    10.0                                                    ELEVATION CUTOFF    
One-way carrier phase leveled to code                       OBSERVABLES USED    
[...]
 257                                                        COMMENT             
List of stations:                                           COMMENT             
albh algo alic alrt amc2 amu2 areq artu aspa auck azco bahr COMMENT             
bako bili bjfs bogt bor1 braz brft brmu brus cagl cagz cas1 COMMENT             
cedu chat chpi chur coco conz crar cro1 daej darr darw dav1 COMMENT             
dgar drao dubo dwh1 ebre fair flin glps glsv gode godz gope COMMENT             
gras graz guam guat harb hers hert hflk hob2 hofn holb holm COMMENT             
hrao hyde ieng iisc invk irkj irkt ispa jab1 jama joz2 joze COMMENT             
karr kely kerg khaj kir0 kiru kodk kokb kosg kou1 kour kunm COMMENT             
lama lhaz lpal lpgs mac1 madr mali mas1 mat1 mate maui maw1 COMMENT             
mbar mcm4 mdo1 mdvj medi mets metz mizu mkea monp morp msku COMMENT             
mtka nano nisu nklg nlib not1 noum novj npld nrc1 nril ntus COMMENT             
nya1 obe2 ohi2 ohi3 onsa pado pdel pert petp pie1 pimo pol2 COMMENT             
pots ptbb qaq1 rabt ramo reso reun reyk reyz riog sant sch2 COMMENT             
scub sele sey1 sfer sofi spt0 ssia stjo str2 sunm suth sydn COMMENT             
syog thti thu2 thu3 tidb tixi tlse tow2 trab tro1 tskb twtf COMMENT             
uclu unb1 urum usn3 usno usud vill wab1 wab2 wes2 whit will COMMENT             
wsrt wtza wtzj wtzl wtzr wtzs wtzz wuhn yakt yar2 yarr yell COMMENT             
yibl yssk zimj zimm zimt zwe2                               COMMENT             
                                                            END OF HEADER       
[from data line 858]
     3                                                      START OF TEC MAP    
  2006     7    19     4     0     0                        EPOCH OF CURRENT MAP
    87.5-180.0 180.0   5.0 450.0                            LAT/LON1/LON2/DLON/H
  104  105  105  105  106  106  106  106  107  107  107  106  106  106  106  106
  105  105  104  104  103  103  102  102  101  101  100   99   99   98   98   97
   97   96   96   96   95   95   95   95   95   95   95   95   95   95   95   95
   95   95   95   96   96   96   96   97   97   97   98   98   99   99   99  100
  100  101  101  102  102  103  103  104  104
    85.0-180.0 180.0   5.0 450.0                            LAT/LON1/LON2/DLON/H
  103  104  105  106  106  107  107  108  108  108  108  108  108  107  107  106
  105  104  103  102  101  100   99   98   97   96   95   94   93   92   91   90
   89   88   88   87   87   86   86   86   86   86   86   86   86   87   87   87
   88   88   88   89   89   89   90   90   91   91   92   92   93   93   94   95
   95   96   97   98   99  100  101  102  103
    82.5-180.0 180.0   5.0 450.0                            LAT/LON1/LON2/DLON/H
   98  100  101  103  104  105  106  106  106  106  106  106  105  104  104  103
  101  100   99   98   96   95   94   92   91   89   88   86   85   83   82   81
   80   79   79   78   78   77   77   77   77   78   78   79   79   80   80   81
   81   82   82   83   83   84   84   84   85   85   85   86   86   86   87   87
   88   89   90   91   92   94   95   97   98
    80.0-180.0 180.0   5.0 450.0                            LAT/LON1/LON2/DLON/H
   91   94   96   98   99  101  101  102  102  102  101  100   99   98   97   96
   95   93   92   91   90   88   87   85   84   82   81   79   78   76   75   74
   73   72   71   71   70   70   70   70   71   71   72   73   74   75   76   77
   78   79   79   80   80   80   80   80   80   80   80   80   80   81   81   81
   81   82   82   83   84   86   88   89   91
    77.5-180.0 180.0   5.0 450.0                            LAT/LON1/LON2/DLON/H
   84   87   90   92   94   96   97   97   97   96   95   93   91   90   88   87
   86   85   84   83   83   82   81   80   78   77   75   74   73   71   70   70
   69   68   68   67   67   66   66   67   67   68   69   70   72   73   75   76
   77   78   79   79   80   80   80   79   79   79   79   78   78   78   77   77
   77   76   76   77   77   78   80   82   84
    75.0-180.0 180.0   5.0 450.0                            LAT/LON1/LON2/DLON/H
   78   81   85   87   90   91   92   92   91   89   87   85   83   80   79   77
   77   76   76   77   77   77   76   76   75   74   73   72   71   70   69   69
   69   68   68   67   67   66   66   66   66   67   69   70   72   74   77   79
   80   81   82   82   82   82   82   81   81   80   80   79   79   78   77   76
   75   74   73   72   72   73   74   76   78
    72.5-180.0 180.0   5.0 450.0                            LAT/LON1/LON2/DLON/H
   74   78   81   84   87   88   89   88   86   84   81   78   74   72   70   69
   69   69   70   71   73   73   74   74   73   73   72   71   71   71   71   71
   72   72   71   70   69   68   68   67   67   68   70   72   75   78   81   83
   85   87   88   88   88   87   86   85   84   84   83   83   82   81   80   79
   77   75   73   71   70   69   70   72   74
    70.0-180.0 180.0   5.0 450.0                            LAT/LON1/LON2/DLON/H
   72   75   79   83   85   87   87   86   83   80   76   72   68   65   63   63
   63   64   66   68   70   72   73   73   73   72   72   71   72   72   74   75
   76   76   76   75   73   71   70   69   69   70   72   75   79   82   86   89
   92   93   94   94   94   93   91   90   88   87   87   86   86   86   85   83
   81   78   75   72   70   68   68   69   72
    67.5-180.0 180.0   5.0 450.0                            LAT/LON1/LON2/DLON/H
   72   75   79   82   85   86   86   84   81   77   73   69   65   62   60   59
   59   61   63   65   68   70   71   71   71   71   70   70   71   73   75   77
   78   79   79   77   75   73   71   70   70   72   74   78   82   87   91   95
   98  100  101  101  100   98   96   94   92   90   89   89   89   89   88   87
   85   82   79   75   71   69   68   69   72
    65.0-180.0 180.0   5.0 450.0                            LAT/LON1/LON2/DLON/H
   73   76   80   83   85   86   85   83   80   76   72   68   65   62   59   58
   58   59   61   63   65   67   68   68   68   67   66   67   68   70   73   75
   77   78   78   77   74   72   70   69   70   72   76   80   85   90   95   99
  102  105  106  106  105  103  100   96   93   90   89   88   88   88   89   89
   88   86   82   78   74   71   70   70   73
    62.5-180.0 180.0   5.0 450.0                            LAT/LON1/LON2/DLON/H
   75   78   82   85   86   86   85   82   80   76   73   70   67   64   62   60
   59   59   59   61   62   63   63   62   62   61   60   60   62   64   67   70
   72   73   73   71   69   67   66   66   68   72   77   82   88   93   98  102
  105  108  109  110  109  106  102   98   93   89   85   83   83   85   86   88
   88   87   85   81   77   74   73   73   75
    60.0-180.0 180.0   5.0 450.0                            LAT/LON1/LON2/DLON/H
   79   82   85   87   88   87   85   83   80   78   76   74   71   69   66   63
   60   59   58   57   57   57   56   55   54   52   52   52   54   56   59   61
   63   64   63   62   60   60   60   62   67   72   78   84   90   95   99  102
  106  109  111  112  112  109  105   99   92   85   80   77   76   78   81   84
   86   87   86   84   80   78   76   77   79
    57.5-180.0 180.0   5.0 450.0                            LAT/LON1/LON2/DLON/H
   83   86   89   91   91   89   87   85   83   81   80   79   77   74   70   66
   62   58   56   53   52   50   49   47   46   44   44   44   45   47   49   50
   51   52   51   51   50   51   54   59   65   73   80   87   92   96   99  102
  105  109  112  114  114  112  107  100   92   83   76   71   69   71   75   79
   84   87   88   86   84   82   80   81   83
    55.0-180.0 180.0   5.0 450.0                            LAT/LON1/LON2/DLON/H
   88   91   94   95   95   94   91   89   88   87   86   85   83   79   75   69
   64   58   54   50   47   45   42   41   39   38   38   38   39   40   40   40
   40   40   40   40   41   44   49   57   66   75   83   90   94   97   99  101
  105  109  113  117  118  116  111  103   93   83   73   67   64   66   70   76
   83   88   90   90   88   86   85   86   88
    52.5-180.0 180.0   5.0 450.0                            LAT/LON1/LON2/DLON/H
   93   96   99  101  101  100   98   96   95   95   94   92   89   84   78   72
   65   58   53   48   44   41   39   37   36   36   36   36   36   36   35   34
   32   31   31   32   34   39   47   57   68   79   87   93   97   98   99  101
  105  110  116  120  122  121  116  108   97   86   75   68   64   65   70   77
   85   91   94   95   93   91   90   91   93
    50.0-180.0 180.0   5.0 450.0                            LAT/LON1/LON2/DLON/H
   97  101  104  106  107  107  107  106  105  105  103  100   95   89   81   74
   66   59   53   48   44   41   39   37   37   37   37   38   37   36   33   31
   28   27   27   28   32   38   48   59   72   83   92   97   99  100  100  102
  107  113  120  125  128  127  122  114  103   92   82   74   70   71   76   83
   91   97  101  102  100   97   96   95   97
    47.5-180.0 180.0   5.0 450.0                            LAT/LON1/LON2/DLON/H
  101  104  108  111  114  115  116  117  117  116  113  108  101   93   85   76
   68   61   55   51   47   44   42   41   41   42   42   42   41   39   36   32
   29   27   27   29   34   41   51   63   76   87   96  101  102  102  102  105
  110  117  125  130  133  132  128  121  111  101   92   84   81   82   86   93
  101  107  110  110  108  104  101  100  101
    45.0-180.0 180.0   5.0 450.0                            LAT/LON1/LON2/DLON/H
  105  108  112  116  119  122  125  127  128  127  124  117  108   98   88   79
   72   65   60   55   52   50   48   47   47   48   49   48   47   44   40   36
   32   31   31   34   38   45   55   66   79   90   99  103  104  104  105  109
  115  123  130  135  137  136  133  126  119  111  103   98   96   97  101  107
  113  118  121  120  116  111  107  105  105
    42.5-180.0 180.0   5.0 450.0                            LAT/LON1/LON2/DLON/H
  110  112  115  119  123  127  132  135  138  138  134  126  115  104   93   84
   77   71   66   62   59   57   55   54   54   54   54   54   52   48   44   40
   37   36   37   39   43   49   58   69   81   92   99  104  105  106  108  113
  120  128  135  139  140  138  135  130  125  119  115  112  111  113  116  121
  126  130  132  130  125  120  114  110  110
    40.0-180.0 180.0   5.0 450.0                            LAT/LON1/LON2/DLON/H
  117  118  120  124  127  132  136  142  146  147  143  134  123  111  100   91
   84   78   73   69   66   63   62   60   59   59   58   56   53   49   45   42
   41   41   42   45   48   53   60   70   81   91   98  103  105  107  111  117
  125  132  138  140  139  137  134  131  128  125  123  123  124  127  130  134
  138  141  142  140  135  129  123  118  117
    37.5-180.0 180.0   5.0 450.0                            LAT/LON1/LON2/DLON/H
  127  127  129  131  133  136  141  146  151  153  150  142  131  119  108   99
   92   86   80   75   71   68   66   64   62   60   58   55   52   48   44   42
   41   43   45   47   50   54   60   68   79   88   96  102  105  109  114  120
  128  135  138  139  137  134  131  129  128  128  129  130  133  137  140  144
  147  150  151  150  146  140  134  129  127
    35.0-180.0 180.0   5.0 450.0                            LAT/LON1/LON2/DLON/H
  142  141  142  142  142  144  146  151  156  159  157  149  138  127  116  108
  100   93   86   80   75   71   69   65   62   59   55   52   47   43   40   38
   39   42   45   48   50   53   58   66   76   86   94  100  105  109  115  122
  130  135  137  136  132  129  127  126  127  128  130  133  138  142  146  150
  153  156  159  160  158  153  148  144  142
    32.5-180.0 180.0   5.0 450.0                            LAT/LON1/LON2/DLON/H
  160  161  161  160  158  156  156  159  163  165  163  156  145  134  124  116
  108   99   90   83   77   73   69   65   60   56   51   46   41   37   34   33
   36   39   43   46   48   51   56   63   73   83   92   99  104  110  116  123
  130  134  135  132  128  125  123  123  124  126  129  133  139  144  149  152
  156  161  166  169  169  167  164  161  160
    30.0-180.0 180.0   5.0 450.0                            LAT/LON1/LON2/DLON/H
  182  184  184  183  179  175  173  172  174  175  171  163  152  140  130  122
  114  104   94   85   78   73   68   63   58   53   47   42   36   31   29   29
   32   36   40   43   46   49   54   61   71   81   90   98  104  110  116  123
  129  132  132  129  125  122  121  122  123  124  127  132  138  144  149  153
  158  164  172  178  182  182  181  181  182
    27.5-180.0 180.0   5.0 450.0                            LAT/LON1/LON2/DLON/H
  203  208  210  209  206  201  195  192  190  188  181  171  157  144  134  126
  117  107   96   86   78   73   68   63   57   51   46   40   34   29   26   26
   29   34   38   41   44   48   53   60   69   79   88   96  103  110  116  122
  128  131  131  129  125  123  122  122  123  124  126  131  138  144  150  154
  160  169  179  188  193  196  197  200  203
    25.0-180.0 180.0   5.0 450.0                            LAT/LON1/LON2/DLON/H
  223  229  234  236  234  229  223  217  211  205  194  179  162  147  135  127
  118  108   97   87   79   74   69   63   58   52   47   40   34   29   27   27
   30   34   38   41   44   48   52   59   67   76   85   94  102  109  115  122
  128  132  133  131  129  127  126  126  126  126  128  132  139  147  153  158
  165  175  186  197  204  208  211  216  223
    22.5-180.0 180.0   5.0 450.0                            LAT/LON1/LON2/DLON/H
  237  246  254  259  260  257  251  243  234  223  208  188  166  148  134  125
  117  108   97   88   81   76   71   66   61   56   50   44   38   33   31   31
   33   36   39   42   45   48   52   57   64   72   81   91  100  108  115  121
  128  134  136  137  135  134  133  133  131  131  132  137  145  152  159  164
  172  182  195  205  213  217  221  228  237
    20.0-180.0 180.0   5.0 450.0                            LAT/LON1/LON2/DLON/H
  245  255  265  273  278  279  274  266  256  241  221  196  170  148  133  123
  115  107   98   91   85   80   76   71   66   61   56   50   44   39   37   37
   38   40   41   43   46   48   51   54   59   66   76   87   97  106  114  121
  129  137  142  144  144  143  142  140  139  138  139  145  153  161  167  173
  181  191  203  213  219  223  228  235  245
    17.5-180.0 180.0   5.0 450.0                            LAT/LON1/LON2/DLON/H
  247  257  267  278  286  290  288  282  271  255  232  203  173  148  131  121
  114  107   99   93   89   85   81   76   72   68   62   56   50   46   43   43
   43   43   44   44   46   47   48   49   52   58   69   82   94  104  113  121
  131  141  148  152  152  151  150  148  147  146  148  154  163  171  177  183
  191  201  211  219  223  226  230  238  247
    15.0-180.0 180.0   5.0 450.0                            LAT/LON1/LON2/DLON/H
  245  253  262  272  282  289  290  286  276  260  237  207  175  149  131  120
  113  107  101   96   93   89   85   81   77   73   68   61   55   51   49   48
   47   46   44   44   44   44   43   42   44   50   62   76   90  102  111  121
  133  144  153  158  160  159  157  155  154  154  158  164  173  181  187  193
  201  210  219  224  226  227  231  238  245
    12.5-180.0 180.0   5.0 450.0                            LAT/LON1/LON2/DLON/H
  243  247  252  260  269  277  279  277  269  255  234  206  176  150  132  121
  114  108  103   99   96   93   89   85   81   77   71   64   58   53   51   51
   49   46   43   41   40   39   37   35   35   42   55   71   87  100  110  121
  133  146  157  163  165  164  162  161  160  162  166  173  181  189  195  201
  209  217  224  227  227  228  231  237  243
    10.0-180.0 180.0   5.0 450.0                            LAT/LON1/LON2/DLON/H
  242  242  242  245  251  257  260  258  252  242  224  200  174  151  134  123
  116  109  104  100   98   94   91   87   83   78   72   64   57   53   51   50
   48   44   39   36   34   33   30   28   28   35   50   68   84   98  108  119
  132  146  157  164  167  166  165  164  164  167  171  178  186  194  200  206
  214  222  228  229  228  229  233  238  242
     7.5-180.0 180.0   5.0 450.0                            LAT/LON1/LON2/DLON/H
  244  241  236  234  235  237  237  234  229  221  209  190  170  151  136  126
  117  110  104  100   97   94   90   87   83   77   70   62   55   51   49   48
   45   40   34   30   28   27   25   22   23   31   47   65   82   96  106  117
  129  143  154  162  165  166  165  165  166  169  174  180  188  194  201  208
  216  224  229  229  228  229  235  241  244
     5.0-180.0 180.0   5.0 450.0                            LAT/LON1/LON2/DLON/H
  248  244  235  228  224  221  217  211  205  198  190  177  162  148  136  126
  117  109  102   98   95   92   88   84   80   75   67   59   51   47   45   44
   41   35   29   25   23   22   21   20   22   30   45   64   80   93  103  113
  125  138  149  157  161  163  163  163  164  168  173  179  185  191  198  206
  215  223  227  227  226  229  237  245  248
     2.5-180.0 180.0   5.0 450.0                            LAT/LON1/LON2/DLON/H
  253  249  240  230  222  214  205  194  185  178  171  163  153  143  134  124
  115  106   99   94   91   87   84   80   76   71   63   55   48   44   42   41
   37   32   26   21   19   19   19   19   22   31   45   62   78   90   99  109
  120  132  142  150  155  157  158  159  160  163  168  173  179  185  191  200
  210  218  223  223  223  227  238  248  253
