webBased/app/bin/test4/CODG2000.06I
     1.0            IONOSPHERE MAPS     GNSS                IONEX VERSION / TYPE
ADDNEQ2 V5.1        AIUB                24-JUL-06 02:29     PGM / RUN BY / DATE 
CODE'S GLOBAL IONOSPHERE MAPS FOR DAY 200, 2006             COMMENT             
Global ionosphere maps (GIM) are generated on a daily basis DESCRIPTION         
at CODE using data from about 150 GPS sites of the IGS and  DESCRIPTION         
other institutions. The vertical total electron content     DESCRIPTION         
(VTEC) is modeled in a solar-geomagnetic reference frame    DESCRIPTION         
using a spherical harmonics expansion up to degree and      DESCRIPTION         
order 15. Piece-wise linear functions are used for          DESCRIPTION         
representation in the time domain. The time spacing of      DESCRIPTION         
their vertices is 2 hours, conforming with the epochs of    DESCRIPTION         
the VTEC maps. Instrumental biases, so-called differential  DESCRIPTION         
P1-P2 code biases (DCB), for all GPS satellites and ground  DESCRIPTION         
stations are estimated as constant values for each day,     DESCRIPTION         
simultaneously with the 13 times 256, or 3328 parameters    DESCRIPTION         
used to represent the global VTEC distribution. The DCB     DESCRIPTION         
datum is defined by a zero-mean condition imposed on the    DESCRIPTION         
satellite bias estimates. P1-C1 bias corrections are taken  DESCRIPTION         
into account if needed. To convert line-of-sight TEC into   DESCRIPTION         
vertical TEC, a modified single-layer model mapping         DESCRIPTION         
function approximating the JPL extended slab model mapping  DESCRIPTION         
function is adopted. The mapping function is evaluated at   DESCRIPTION         
geodetic satellite elevation angles. For the computation of DESCRIPTION         
the ionospheric pierce points, a spherical layer with a     DESCRIPTION         
radius of 6821 km is assumed, implying geocentric, not      DESCRIPTION         
geodetic IONEX latitudes.                                   DESCRIPTION         
Note: These GIM results correspond to the results for the   DESCRIPTION         
middle day of a 3-day combination analysis solving for 37   DESCRIPTION         
times 256, or 9472 VTEC parameters and one common set of    DESCRIPTION         
satellite and 24-hour receiver DCB constants.               DESCRIPTION         
Contact address: stefan.schaer or igsauto @aiub.unibe.ch    DESCRIPTION         
Web site:        http://www.aiub.unibe.ch/ionosphere/       DESCRIPTION         
Data archive:    ftp://ftp.unibe.ch/aiub/CODE/              DESCRIPTION         
                 http://www.aiub.unibe.ch/download/CODE/    DESCRIPTION         
  2006     7    19     0     0     0                        EPOCH OF FIRST MAP  
  2006     7    20     0     0     0                        EPOCH OF LAST MAP   
  7200                                                      INTERVAL            
    13                                                      # OF MAPS IN FILE   
  NONE                                                      MAPPING FUNCTION    
    10.0                                                    ELEVATION CUTOFF    
One-way carrier phase leveled to code                       OBSERVABLES USED    
[...]
 257                                                        COMMENT             
List of stations:                                           COMMENT             
albh algo alic alrt amc2 amu2 areq artu aspa auck azco bahr COMMENT             
bako bili bjfs bogt bor1 braz brft brmu brus cagl cagz cas1 COMMENT             
cedu chat chpi chur coco conz crar cro1 daej darr darw dav1 COMMENT             
dgar drao dubo dwh1 ebre fair flin glps glsv gode godz gope COMMENT             
gras graz guam guat harb hers hert hflk hob2 hofn holb holm COMMENT             
hrao hyde ieng iisc invk irkj irkt ispa jab1 jama joz2 joze COMMENT             
karr kely kerg khaj kir0 kiru kodk kokb kosg kou1 kour kunm COMMENT             
lama lhaz lpal lpgs mac1 madr mali mas1 mat1 mate maui maw1 COMMENT             
mbar mcm4 mdo1 mdvj medi mets metz mizu mkea monp morp msku COMMENT             
mtka nano nisu nklg nlib not1 noum novj npld nrc1 nril ntus COMMENT             
nya1 obe2 ohi2 ohi3 onsa pado pdel pert petp pie1 pimo pol2 COMMENT             
pots ptbb qaq1 rabt ramo reso reun reyk reyz riog sant sch2 COMMENT             
scub sele sey1 sfer sofi spt0 ssia stjo str2 sunm suth sydn COMMENT             
syog thti thu2 thu3 tidb tixi tlse tow2 trab tro1 tskb twtf COMMENT             
uclu unb1 urum usn3 usno usud vill wab1 wab2 wes2 whit will COMMENT             
wsrt wtza wtzj wtzl wtzr wtzs wtzz wuhn yakt yar2 yarr yell COMMENT             
yibl yssk zimj zimm zimt zwe2                               COMMENT             
                                                            END OF HEADER       
[from data line 2574]
     7                                                      START OF TEC MAP    
  2006     7    19    12     0     0                        EPOCH OF CURRENT MAP
    87.5-180.0 180.0   5.0 450.0                            LAT/LON1/LON2/DLON/H
   87   86   86   86   85   85   85   85   85   84   84   84   84   84   84   85
   85   85   85   85   85   85   86   86   86   86   86   86   87   87   87   87
   87   87   87   88   88   88   88   88   88   89   89   89   89   90   90   90
   90   90   91   91   91   91   91   91   91   91   91   91   91   90   90   90
   90   89   89   89   88   88   87   87   87
    85.0-180.0 180.0   5.0 450.0                            LAT/LON1/LON2/DLON/H
   83   82   82   81   80   80   80   79   79   79   79   79   80   80   81   81
   81   82   82   83   83   84   84   84   85   85   85   85   85   85   85   85
   85   85   86   86   86   86   86   86   87   87   87   88   88   89   89   90
   90   91   91   92   92   92   93   93   93   93   93   93   92   92   92   91
   90   89   89   88   87   86   85   84   83
    82.5-180.0 180.0   5.0 450.0                            LAT/LON1/LON2/DLON/H
   78   77   76   75   74   74   73   73   73   74   74   75   75   76   77   78
   79   80   81   82   83   84   84   84   85   85   85   84   84   84   84   83
   83   83   83   83   83   83   83   84   84   84   85   85   86   86   87   88
   89   89   90   91   92   92   93   93   93   93   93   93   93   92   91   90
   89   88   87   85   84   83   81   80   78
    80.0-180.0 180.0   5.0 450.0                            LAT/LON1/LON2/DLON/H
   73   71   70   69   69   68   68   68   68   69   70   71   72   74   75   77
   78   80   82   83   84   85   85   85   85   85   84   84   83   82   82   81
   81   80   80   80   80   80   80   81   81   81   82   82   83   83   84   85
   86   87   88   88   89   90   91   91   92   92   92   91   91   90   89   88
   87   85   84   82   80   78   76   75   73
    77.5-180.0 180.0   5.0 450.0                            LAT/LON1/LON2/DLON/H
   68   66   65   64   64   64   64   64   65   66   68   69   71   73   75   77
   79   81   83   85   86   87   87   87   86   85   84   82   81   80   79   78
   77   77   77   77   78   78   78   79   79   79   79   80   80   81   81   82
   83   84   84   85   86   87   87   88   88   88   88   88   87   87   86   85
   83   81   80   78   76   74   72   70   68
    75.0-180.0 180.0   5.0 450.0                            LAT/LON1/LON2/DLON/H
   64   62   61   61   60   61   61   63   64   65   67   69   71   73   75   78
   80   83   85   87   88   88   88   87   86   84   82   80   78   76   75   74
   74   74   75   75   76   77   77   78   78   78   78   79   79   79   79   80
   80   81   81   82   82   82   83   83   83   84   84   83   83   82   82   81
   79   78   76   74   72   70   68   66   64
    72.5-180.0 180.0   5.0 450.0                            LAT/LON1/LON2/DLON/H
   62   60   59   58   58   59   60   61   63   65   67   69   71   74   76   79
   81   84   86   87   89   89   88   86   84   81   79   76   74   72   71   71
   71   72   73   74   75   76   77   78   78   78   78   78   78   78   79   79
   79   79   79   78   78   78   78   78   79   79   79   79   79   79   78   78
   77   75   74   72   71   68   66   64   62
    70.0-180.0 180.0   5.0 450.0                            LAT/LON1/LON2/DLON/H
   61   58   56   55   55   56   58   60   62   65   67   69   71   74   76   78
   81   83   85   87   88   87   86   84   81   78   74   71   69   68   67   68
   69   70   72   74   75   77   77   78   78   78   78   78   78   78   78   78
   78   78   77   76   75   74   74   74   75   76   77   77   78   78   77   77
   76   75   74   73   71   69   67   64   61
    67.5-180.0 180.0   5.0 450.0                            LAT/LON1/LON2/DLON/H
   61   57   54   52   51   52   54   56   59   62   65   67   69   72   74   76
   79   81   83   84   84   84   82   80   77   73   70   67   66   65   65   67
   68   70   72   74   76   77   77   78   78   78   78   78   78   78   79   79
   78   77   76   74   72   71   71   71   73   75   77   79   80   80   80   79
   78   78   77   76   75   72   69   65   61
    65.0-180.0 180.0   5.0 450.0                            LAT/LON1/LON2/DLON/H
   62   56   51   48   46   46   47   50   53   56   59   62   65   67   70   73
   75   77   79   80   80   79   77   75   72   69   66   65   64   65   66   68
   70   72   74   75   76   77   77   77   77   77   77   77   78   79   80   80
   79   78   75   72   70   68   69   70   73   77   81   83   85   85   85   84
   83   82   82   81   79   77   73   68   62
    62.5-180.0 180.0   5.0 450.0                            LAT/LON1/LON2/DLON/H
   63   55   48   43   40   39   40   42   45   48   51   54   58   61   64   67
   70   72   74   74   74   73   71   69   67   66   65   64   65   67   70   72
   74   76   77   77   77   77   76   76   76   76   77   77   78   80   81   82
   81   79   76   72   69   67   68   71   76   82   87   91   94   94   93   91
   89   87   86   85   84   81   76   70   63
    60.0-180.0 180.0   5.0 450.0                            LAT/LON1/LON2/DLON/H
   64   55   46   39   35   32   32   33   36   38   42   45   49   53   57   61
   64   67   68   69   68   68   66   65   64   64   65   66   69   72   75   78
   80   80   80   79   77   77   76   76   77   77   78   78   80   82   83   84
   84   81   77   72   69   67   68   73   80   88   96  101  104  103  101   97
   94   91   89   88   86   84   79   72   64
    57.5-180.0 180.0   5.0 450.0                            LAT/LON1/LON2/DLON/H
   65   56   46   39   33   29   28   28   29   31   33   37   41   46   51   56
   59   62   64   64   64   63   63   62   63   64   66   69   73   77   81   84
   85   85   83   80   78   77   77   78   79   80   81   82   83   85   87   88
   88   85   80   75   70   68   70   76   85   95  104  111  114  112  108  102
   96   92   89   87   86   84   80   74   65
    55.0-180.0 180.0   5.0 450.0                            LAT/LON1/LON2/DLON/H
   67   58   50   42   36   31   29   27   27   27   28   31   35   40   46   51
   56   59   61   61   61   61   61   61   63   65   69   73   78   82   86   88
   89   88   85   82   80   79   80   82   84   85   86   87   88   90   92   94
   93   90   85   79   74   72   74   81   90  101  112  119  121  119  113  105
   96   90   85   83   82   81   79   74   67
    52.5-180.0 180.0   5.0 450.0                            LAT/LON1/LON2/DLON/H
   69   63   56   50   44   40   36   33   31   29   28   29   32   37   43   48
   54   57   60   61   61   61   61   62   64   67   71   75   80   84   88   90
   91   89   87   84   82   82   85   88   91   94   94   94   95   96   98  100
   99   97   92   86   80   78   80   85   95  106  116  124  126  123  115  105
   94   85   79   76   76   76   76   74   69
    50.0-180.0 180.0   5.0 450.0                            LAT/LON1/LON2/DLON/H
   72   69   65   61   57   53   50   46   41   38   34   33   34   37   42   48
   53   58   60   62   63   63   63   64   66   69   72   76   80   84   87   89
   90   89   88   86   86   88   92   97  101  103  104  103  103  103  105  106
  106  104  100   94   89   86   86   91   99  108  118  124  126  123  114  102
   90   79   72   68   68   70   72   73   72
    47.5-180.0 180.0   5.0 450.0                            LAT/LON1/LON2/DLON/H
   74   75   75   73   71   69   66   62   57   51   46   42   40   41   44   49
   54   59   63   65   66   67   67   67   68   70   73   76   78   80   83   85
   87   88   89   90   91   95  100  107  111  113  113  111  110  110  111  112
  113  111  108  104   99   95   94   96  101  108  116  122  123  120  111   99
   86   74   66   61   61   64   68   72   74
    45.0-180.0 180.0   5.0 450.0                            LAT/LON1/LON2/DLON/H
   76   80   82   84   84   83   81   78   73   67   60   54   49   47   48   51
   56   61   66   69   71   71   71   70   70   71   72   74   75   76   78   81
   84   88   92   95   98  103  110  116  121  122  120  118  115  115  115  117
  117  117  115  113  109  105  102  101  102  107  112  117  118  115  108   97
   84   72   62   57   57   60   65   71   76
    42.5-180.0 180.0   5.0 450.0                            LAT/LON1/LON2/DLON/H
   76   81   85   89   91   93   92   90   86   81   74   66   59   55   53   55
   59   64   69   74   76   76   75   73   71   71   72   73   73   73   75   78
   83   90   96  102  107  112  118  124  128  128  125  121  119  118  118  119
  120  120  121  120  118  114  109  105  103  104  108  111  113  111  105   95
   84   72   63   57   56   58   63   70   76
    40.0-180.0 180.0   5.0 450.0                            LAT/LON1/LON2/DLON/H
   73   79   84   88   92   94   95   95   94   90   85   77   69   62   58   58
   61   67   73   78   81   81   79   75   73   72   73   73   74   73   75   79
   86   95  104  111  116  121  126  130  132  131  127  123  120  119  119  119
  120  121  123  125  124  121  115  108  104  103  104  107  109  108  103   96
   86   76   67   60   58   59   63   68   73
    37.5-180.0 180.0   5.0 450.0                            LAT/LON1/LON2/DLON/H
   69   72   77   81   85   88   90   92   93   93   90   84   76   68   63   62
   64   70   76   82   86   85   82   77   74   73   75   77   77   78   79   84
   92  103  113  120  126  129  132  134  134  131  127  124  122  121  120  119
  119  121  124  127  128  125  119  112  106  103  103  105  107  106  103   97
   90   81   72   66   62   61   62   65   69
    35.0-180.0 180.0   5.0 450.0                            LAT/LON1/LON2/DLON/H
   63   64   67   70   73   76   78   81   86   89   90   86   80   72   67   64
   67   72   79   86   89   88   84   79   75   76   78   82   85   86   88   93
  101  112  122  130  134  136  137  136  134  130  127  125  125  124  123  120
  119  120  124  129  131  129  123  115  109  106  106  107  107  107  104   99
   93   86   78   71   66   63   62   62   63
    32.5-180.0 180.0   5.0 450.0                            LAT/LON1/LON2/DLON/H
   57   56   57   59   61   62   64   67   73   80   84   84   80   74   68   66
   68   74   81   88   91   90   86   80   77   79   83   89   94   96   99  104
  112  122  131  138  140  141  139  137  134  131  129  129  130  131  129  125
  121  121  125  131  133  132  127  120  115  113  112  111  110  108  105  100
   95   89   82   76   70   66   62   60   57
    30.0-180.0 180.0   5.0 450.0                            LAT/LON1/LON2/DLON/H
   53   50   50   50   51   51   51   54   60   68   75   78   76   72   68   67
   69   74   81   89   92   92   87   82   79   82   89   97  103  107  110  114
  121  130  138  143  144  144  142  139  136  134  134  137  140  142  140  134
  128  127  130  135  138  136  132  127  124  122  120  118  114  110  105   99
   94   89   83   77   72   67   62   57   53
    27.5-180.0 180.0   5.0 450.0                            LAT/LON1/LON2/DLON/H
   51   48   47   47   47   45   43   44   49   57   66   70   71   69   66   66
   68   73   80   88   92   92   88   83   82   85   93  102  110  115  119  122
  128  135  141  145  147  146  145  143  141  141  143  148  155  157  155  147
  141  138  141  145  146  144  140  137  135  133  130  125  118  111  104   97
   91   86   81   76   71   66   62   56   51
    25.0-180.0 180.0   5.0 450.0                            LAT/LON1/LON2/DLON/H
   52   49   48   49   49   47   43   41   43   50   57   63   65   64   63   63
   65   70   78   86   91   91   88   85   84   88   97  106  114  120  124  127
  131  136  142  146  148  149  149  149  150  151  156  164  172  176  173  165
  158  155  157  159  158  155  151  149  148  145  139  131  121  111  101   93
   87   81   76   72   68   65   61   57   52
    22.5-180.0 180.0   5.0 450.0                            LAT/LON1/LON2/DLON/H
   54   53   53   56   56   53   48   43   43   46   52   57   59   59   59   59
   61   66   74   83   89   90   89   86   87   91   99  107  115  121  125  128
  132  136  141  146  150  153  156  158  161  165  171  181  190  194  192  184
  178  175  176  177  174  169  165  163  161  156  147  134  121  109   98   89
   82   76   71   67   65   63   61   58   54
    20.0-180.0 180.0   5.0 450.0                            LAT/LON1/LON2/DLON/H
   57   57   59   63   65   63   57   50   47   47   50   52   54   55   54   54
   56   61   70   79   86   89   89   88   89   93  100  107  114  120  124  128
  132  137  142  148  154  160  166  171  175  180  188  197  206  211  209  203
  198  197  198  196  191  184  179  176  172  165  151  135  119  106   95   85
   77   71   66   63   61   60   60   59   57
    17.5-180.0 180.0   5.0 450.0                            LAT/LON1/LON2/DLON/H
   59   59   62   67   71   70   65   58   52   50   50   50   51   51   51   50
   51   56   65   75   84   88   89   90   92   96  101  107  112  118  123  128
  133  139  146  154  162  170  178  185  190  196  202  211  218  223  222  218
  215  216  217  214  207  198  191  187  181  169  152  133  116  102   92   82
   74   67   63   59   58   58   59   59   59
    15.0-180.0 180.0   5.0 450.0                            LAT/LON1/LON2/DLON/H
   58   59   62   67   71   72   69   63   57   53   50   50   49   49   48   46
   47   52   61   72   82   88   90   92   95   99  104  108  112  118  124  130
  137  144  153  163  173  183  192  199  205  210  214  220  225  228  228  227
  227  229  231  227  218  208  199  193  184  169  149  128  111   99   89   81
   72   66   61   57   56   57   58   59   58
    12.5-180.0 180.0   5.0 450.0                            LAT/LON1/LON2/DLON/H
   55   55   56   61   65   68   67   64   59   54   51   49   49   48   46   44
   44   48   58   71   81   88   92   95   99  104  107  111  115  121  128  136
  145  154  164  175  186  196  205  212  217  220  222  224  226  228  228  228
  231  235  237  233  223  211  202  193  182  164  142  120  105   95   87   79
   71   65   60   57   55   55   56   56   55
    10.0-180.0 180.0   5.0 450.0                            LAT/LON1/LON2/DLON/H
   51   49   48   50   55   58   60   59   56   52   50   48   48   48   46   43
   42   47   57   70   81   89   94   99  104  109  113  116  120  127  135  144
  154  165  175  187  198  207  216  222  225  226  224  222  221  221  221  223
  227  232  234  230  220  208  197  187  174  155  132  112   99   91   85   77
   70   64   60   57   55   54   54   53   51
     7.5-180.0 180.0   5.0 450.0                            LAT/LON1/LON2/DLON/H
   47   43   40   39   42   45   49   50   50   48   47   47   48   48   46   43
   42   46   56   69   81   90   97  102  108  114  118  123  128  134  143  154
  164  175  185  196  206  214  221  225  227  225  221  215  211  209  209  212
  217  222  224  219  210  198  186  175  161  142  121  104   93   87   82   75
   68   63   59   57   55   54   52   50   47
     5.0-180.0 180.0   5.0 450.0                            LAT/LON1/LON2/DLON/H
   44   39   34   31   31   34   38   41   42   42   42   44   46   47   46   43
   42   46   56   69   82   92   99  105  112  118  124  129  135  142  151  161
  171  181  190  199  207  214  219  222  222  218  211  203  197  193  194  197
  201  206  207  203  194  182  171  159  144  127  109   96   88   84   78   71
   65   61   59   57   56   53   51   48   44
     2.5-180.0 180.0   5.0 450.0                            LAT/LON1/LON2/DLON/H
   44   38   32   27   25   26   30   33   35   37   38   40   44   46   45   43
   42   45   55   67   81   92  100  108  115  121  127  133  139  146  154  163
  172  180  188  195  200  205  208  210  210  205  197  187  180  176  176  179
  183  186  187  183  175  164  153  140  127  112   98   88   83   80   74   67
   61   58   58   57   56   54   51   48   44
