webBased/app/bin/test4/CODG2000.06I
     1.0            IONOSPHERE MAPS     GNSS                IONEX VERSION / TYPE
ADDNEQ2 V5.1        AIUB                24-JUL-06 02:29     PGM / RUN BY / DATE 
CODE'S GLOBAL IONOSPHERE MAPS FOR DAY 200, 2006             COMMENT             
Global ionosphere maps (GIM) are generated on a daily basis DESCRIPTION         
at CODE using data from about 150 GPS sites of the IGS and  DESCRIPTION         
other institutions. The vertical total electron content     DESCRIPTION         
(VTEC) is modeled in a solar-geomagnetic reference frame    DESCRIPTION         
using a spherical harmonics expansion up to degree and      DESCRIPTION         
order 15. Piece-wise linear functions are used for          DESCRIPTION         
representation in the time domain. The time spacing of      DESCRIPTION         
their vertices is 2 hours, conforming with the epochs of    DESCRIPTION         
the VTEC maps. Instrumental biases, so-called differential  DESCRIPTION         
P1-P2 code biases (DCB), for all GPS satellites and ground  DESCRIPTION         
stations are estimated as constant values for each day,     DESCRIPTION         
simultaneously with the 13 times 256, or 3328 parameters    DESCRIPTION         
used to represent the global VTEC distribution. The DCB     DESCRIPTION         
datum is defined by a zero-mean condition imposed on the    DESCRIPTION         
satellite bias estimates. P1-C1 bias corrections are taken  DESCRIPTION         
into account if needed. To convert line-of-sight TEC into   DESCRIPTION         
vertical TEC, a modified single-layer model mapping         DESCRIPTION         
function approximating the JPL extended slab model mapping  DESCRIPTION         
function is adopted. The mapping function is evaluated at   DESCRIPTION         
geodetic satellite elevation angles. For the computation of DESCRIPTION         
the ionospheric pierce points, a spherical layer with a     DESCRIPTION         
radius of 6821 km is assumed, implying geocentric, not      DESCRIPTION         
geodetic IONEX latitudes.                                   DESCRIPTION         
Note: These GIM results correspond to the results for the   DESCRIPTION         
middle day of a 3-day combination analysis solving for 37   DESCRIPTION         
times 256, or 9472 VTEC parameters and one common set of    DESCRIPTION         
satellite and 24-hour receiver DCB constants.               DESCRIPTION         
Contact address: stefan.schaer or igsauto @aiub.unibe.ch    DESCRIPTION         
Web site:        http://www.aiub.unibe.ch/ionosphere/       DESCRIPTION         
Data archive:    ftp://ftp.unibe.ch/aiub/CODE/              DESCRIPTION         
                 http://www.aiub.unibe.ch/download/CODE/    DESCRIPTION         
  2006     7    19     0     0     0                        EPOCH OF FIRST MAP  
  2006     7    20     0     0     0                        EPOCH OF LAST MAP   
  7200                                                      INTERVAL            
    13                                                      # OF MAPS IN FILE   
  NONE                                                      MAPPING FUNCTION    
    10.0                                                    ELEVATION CUTOFF    
One-way carrier phase leveled to code                       OBSERVABLES USED    
[...]
 257                                                        COMMENT             
List of stations:                                           COMMENT             
albh algo alic alrt amc2 amu2 areq artu aspa auck azco bahr COMMENT             
bako bili bjfs bogt bor1 braz brft brmu brus cagl cagz cas1 COMMENT             
cedu chat chpi chur coco conz crar cro1 daej darr darw dav1 COMMENT             
dgar drao dubo dwh1 ebre fair flin glps glsv gode godz gope COMMENT             
gras graz guam guat harb hers hert hflk hob2 hofn holb holm COMMENT             
hrao hyde ieng iisc invk irkj irkt ispa jab1 jama joz2 joze COMMENT             
karr kely kerg khaj kir0 kiru kodk kokb kosg kou1 kour kunm COMMENT             
lama lhaz lpal lpgs mac1 madr mali mas1 mat1 mate maui maw1 COMMENT             
mbar mcm4 mdo1 mdvj medi mets metz mizu mkea monp morp msku COMMENT             
mtka nano nisu nklg nlib not1 noum novj npld nrc1 nril ntus COMMENT             
nya1 obe2 ohi2 ohi3 onsa pado pdel pert petp pie1 pimo pol2 COMMENT             
pots ptbb qaq1 rabt ramo reso reun reyk reyz riog sant sch2 COMMENT             
scub sele sey1 sfer sofi spt0 ssia stjo str2 sunm suth sydn COMMENT             
syog thti thu2 thu3 tidb tixi tlse tow2 trab tro1 tskb twtf COMMENT             
uclu unb1 urum usn3 usno usud vill wab1 wab2 wes2 whit will COMMENT             
wsrt wtza wtzj wtzl wtzr wtzs wtzz wuhn yakt yar2 yarr yell COMMENT             
yibl yssk zimj zimm zimt zwe2                               COMMENT             
                                                            END OF HEADER       
[from data line 4719]
    12                                                      START OF TEC MAP    
  2006     7    19    22     0     0                        EPOCH OF CURRENT MAP
    87.5-180.0 180.0   5.0 450.0                            LAT/LON1/LON2/DLON/H
   85   85   85   85   86   86   86   86   86   86   86   85   85   85   84   84
   84   83   83   82   82   81   80   80   79   79   78   78   77   77   76   76
   76   75   75   75   75   75   75   75   75   75   75   76   76   76   76   76
   77   77   77   77   78   78   78   78   79   79   79   80   80   80   81   81
   82   82   82   83   83   84   84   84   85
    85.0-180.0 180.0   5.0 450.0                            LAT/LON1/LON2/DLON/H
   90   91   91   92   92   93   93   93   93   93   93   93   92   92   91   90
   89   88   87   86   85   84   82   81   80   79   77   76   75   74   74   73
   73   72   72   72   72   73   73   74   74   75   75   75   76   76   77   77
   77   78   78   78   78   78   79   79   79   79   80   80   81   81   82   82
   83   84   85   86   86   87   88   89   90
    82.5-180.0 180.0   5.0 450.0                            LAT/LON1/LON2/DLON/H
   93   95   96   97   98   98   99   99  100  100   99   99   99   98   97   96
   95   94   93   91   90   88   86   84   82   80   77   76   74   72   71   70
   70   70   70   71   71   72   74   75   76   77   78   78   79   80   80   80
   80   80   80   80   80   80   80   80   80   80   80   80   81   81   82   83
   84   85   86   87   88   90   91   92   93
    80.0-180.0 180.0   5.0 450.0                            LAT/LON1/LON2/DLON/H
   95   96   98   99  101  102  102  103  103  103  103  103  103  102  102  101
  100   99   98   97   95   93   91   88   85   82   79   76   73   70   69   68
   67   68   69   70   72   74   76   78   79   81   82   83   84   84   84   84
   84   83   83   82   82   81   81   80   80   80   80   80   80   81   81   82
   83   84   85   87   88   90   91   93   95
    77.5-180.0 180.0   5.0 450.0                            LAT/LON1/LON2/DLON/H
   94   96   97   99  100  102  103  103  104  104  103  103  103  103  103  103
  103  103  102  102  101   99   96   93   89   85   80   76   72   68   66   65
   65   65   67   70   72   75   78   81   83   85   86   87   87   87   87   86
   85   85   84   83   82   81   81   80   80   79   79   79   79   80   80   81
   82   83   84   85   87   88   90   92   94
    75.0-180.0 180.0   5.0 450.0                            LAT/LON1/LON2/DLON/H
   91   93   95   96   98   99  100  101  101  101  101  100  100  100  101  102
  103  104  105  106  106  105  102   99   94   89   82   76   71   66   63   61
   61   63   65   69   73   77   80   83   85   87   88   88   87   87   86   84
   83   82   81   80   79   79   78   78   78   78   78   78   78   79   79   80
   81   82   83   84   85   86   88   89   91
    72.5-180.0 180.0   5.0 450.0                            LAT/LON1/LON2/DLON/H
   88   90   91   93   94   95   96   97   97   96   96   96   96   96   97   99
  101  103  106  108  110  110  108  105   99   92   84   76   69   63   59   57
   57   60   63   67   72   76   80   83   85   85   85   84   83   81   79   78
   76   75   74   74   74   74   74   74   75   75   76   77   78   78   79   80
   81   82   82   83   84   85   86   87   88
    70.0-180.0 180.0   5.0 450.0                            LAT/LON1/LON2/DLON/H
   87   88   89   90   91   92   92   92   92   92   91   91   91   91   93   95
   98  102  106  110  113  114  113  109  103   96   86   77   68   61   56   54
   54   57   61   66   71   75   78   80   81   80   79   77   74   71   69   67
   66   65   65   65   66   67   68   70   72   73   75   76   78   79   80   81
   82   83   84   84   85   85   86   86   87
    67.5-180.0 180.0   5.0 450.0                            LAT/LON1/LON2/DLON/H
   89   89   89   89   90   90   90   90   89   88   88   87   87   88   89   92
   96  100  105  109  113  116  115  112  107   98   88   78   68   60   55   53
   53   56   60   65   69   72   74   75   74   72   70   66   63   59   57   55
   53   53   54   55   57   60   63   66   69   72   75   77   79   81   83   84
   85   86   87   88   88   89   89   89   89
    65.0-180.0 180.0   5.0 450.0                            LAT/LON1/LON2/DLON/H
   94   94   93   92   92   91   90   89   88   87   86   86   86   87   88   91
   94   98  103  108  112  115  116  113  108  100   90   80   70   62   57   55
   55   58   61   64   67   69   69   69   67   64   60   56   52   48   45   43
   42   42   44   46   49   54   58   63   68   72   76   80   83   85   87   89
   90   91   92   94   94   95   95   95   94
    62.5-180.0 180.0   5.0 450.0                            LAT/LON1/LON2/DLON/H
  103  102  100   99   97   95   94   92   90   89   87   87   87   88   89   91
   94   97  101  105  108  112  113  112  108  101   93   83   74   67   63   61
   61   62   64   66   66   66   65   63   60   57   53   48   44   40   37   35
   34   34   36   40   44   49   56   62   68   74   80   84   87   90   92   93
   95   97   99  100  102  103  104  104  103
    60.0-180.0 180.0   5.0 450.0                            LAT/LON1/LON2/DLON/H
  114  112  110  108  106  103  100   97   95   92   90   90   90   91   92   93
   95   96   98  100  103  106  108  109  107  102   96   88   81   75   72   70
   70   69   69   68   66   64   62   59   56   53   49   46   42   38   35   32
   31   31   33   37   42   48   55   63   71   78   85   89   93   95   97   98
  100  102  104  107  110  113  114  115  114
    57.5-180.0 180.0   5.0 450.0                            LAT/LON1/LON2/DLON/H
  125  123  121  118  115  113  109  105  101   98   95   93   93   94   95   96
   96   96   95   96   97   99  102  104  105  103   99   94   89   85   83   81
   80   78   75   72   68   64   61   58   55   53   51   48   45   42   38   35
   33   33   34   37   43   49   57   66   75   84   91   96   99  101  102  102
  104  106  109  114  118  122  124  125  125
    55.0-180.0 180.0   5.0 450.0                            LAT/LON1/LON2/DLON/H
  133  131  129  127  125  123  119  115  110  105  100   98   97   97   98   98
   97   95   93   91   91   93   96   99  102  103  102  100   98   96   94   93
   90   87   81   75   70   65   62   60   58   58   57   55   52   49   45   42
   39   38   39   41   46   52   61   70   80   89   96  101  104  105  105  106
  107  109  113  118  124  129  132  133  133
    52.5-180.0 180.0   5.0 450.0                            LAT/LON1/LON2/DLON/H
  138  136  134  133  132  131  129  125  119  113  107  102  100   99  100  100
   98   95   92   88   87   88   91   95  100  103  104  105  104  104  104  102
   99   94   87   79   72   68   65   64   64   64   64   63   61   58   54   50
   47   45   45   47   50   56   64   73   83   93  100  106  108  109  108  108
  109  111  116  122  128  134  137  138  138
    50.0-180.0 180.0   5.0 450.0                            LAT/LON1/LON2/DLON/H
  138  136  134  134  136  137  137  134  128  121  113  107  103  101  101  100
   99   96   92   88   86   86   89   93   98  103  106  108  109  110  111  109
  105   99   90   82   75   71   69   69   70   71   71   71   69   66   62   58
   55   52   52   52   55   60   66   75   85   94  102  108  111  111  110  110
  111  114  119  125  132  137  140  140  138
    47.5-180.0 180.0   5.0 450.0                            LAT/LON1/LON2/DLON/H
  136  132  131  132  135  139  142  141  136  129  120  112  107  104  102  101
  100   97   94   91   88   87   89   93   98  103  106  109  111  113  115  113
  109  101   93   84   79   75   74   75   75   76   76   76   75   72   68   64
   61   58   57   58   59   62   67   75   84   93  102  108  111  112  112  111
  113  116  122  129  135  139  141  139  136
    45.0-180.0 180.0   5.0 450.0                            LAT/LON1/LON2/DLON/H
  132  126  124  126  131  138  143  144  142  135  127  119  112  108  105  103
  102  100   98   96   94   93   93   96   99  103  106  108  111  115  117  116
  111  103   95   87   82   80   80   80   80   79   79   78   76   74   70   67
   64   62   62   61   62   63   66   72   80   89   98  105  109  111  112  113
  116  120  127  133  139  142  142  138  132
    42.5-180.0 180.0   5.0 450.0                            LAT/LON1/LON2/DLON/H
  128  121  117  119  125  133  141  144  144  139  133  125  119  113  110  107
  105  105  104  103  101  100   99  100  101  103  106  108  112  116  119  119
  114  106   97   90   86   85   85   84   83   81   79   78   76   74   71   68
   65   64   64   64   63   63   64   68   75   83   92  100  106  110  112  115
  119  125  132  139  144  145  143  137  128
    40.0-180.0 180.0   5.0 450.0                            LAT/LON1/LON2/DLON/H
  127  118  113  113  119  127  136  141  143  141  137  132  126  121  116  112
  110  109  110  110  110  108  106  105  105  105  107  110  115  120  124  124
  119  110  100   94   91   90   90   88   86   82   79   77   75   73   70   67
   66   65   65   65   63   62   61   63   68   76   85   94  102  108  112  117
  123  130  138  145  149  150  146  138  127
    37.5-180.0 180.0   5.0 450.0                            LAT/LON1/LON2/DLON/H
  130  120  113  112  116  123  130  136  140  141  140  138  134  130  124  119
  115  114  114  116  116  115  112  110  109  110  112  115  121  127  132  132
  126  115  105   98   95   94   94   92   88   84   80   77   75   73   70   67
   65   65   65   65   63   60   58   58   62   69   79   88   98  105  112  118
  126  135  143  150  154  154  149  141  130
    35.0-180.0 180.0   5.0 450.0                            LAT/LON1/LON2/DLON/H
  136  126  119  116  117  121  126  131  135  139  142  143  142  139  133  126
  120  117  117  119  120  119  117  115  114  116  119  124  131  138  143  142
  135  122  109  101   97   97   97   95   91   87   83   80   77   74   71   67
   65   64   64   64   61   58   55   55   57   64   73   83   94  103  111  119
  128  137  147  153  157  157  153  145  136
    32.5-180.0 180.0   5.0 450.0                            LAT/LON1/LON2/DLON/H
  143  136  129  125  124  125  126  129  133  138  143  147  149  147  142  133
  124  119  117  118  120  120  119  119  121  125  129  136  143  151  156  153
  143  127  112  102   98   98   98   97   94   91   87   84   81   77   73   68
   65   63   63   62   60   56   53   52   54   59   68   79   91  101  111  119
  129  138  147  154  157  158  155  151  143
    30.0-180.0 180.0   5.0 450.0                            LAT/LON1/LON2/DLON/H
  151  147  143  139  136  133  132  132  135  140  146  152  156  156  150  141
  129  120  115  115  117  119  120  124  129  135  142  149  156  163  167  162
  148  130  112  100   95   96   97   98   97   95   91   88   84   80   74   69
   64   62   60   59   57   55   52   51   52   57   66   77   89  100  110  119
  128  137  146  152  154  156  156  154  151
    27.5-180.0 180.0   5.0 450.0                            LAT/LON1/LON2/DLON/H
  158  158  156  154  151  147  143  141  143  147  153  159  163  164  160  149
  135  122  114  112  114  117  122  129  138  147  155  161  167  171  172  165
  148  127  107   95   90   91   94   96   97   96   94   90   85   80   74   68
   63   59   57   56   55   53   51   50   52   56   64   76   88  100  109  118
  126  135  142  147  149  151  153  156  158
    25.0-180.0 180.0   5.0 450.0                            LAT/LON1/LON2/DLON/H
  161  166  168  169  167  163  158  156  156  159  164  168  172  174  170  159
  143  126  115  111  113  117  125  136  148  159  166  170  172  173  170  160
  141  119   99   86   82   84   88   92   95   95   93   88   83   77   72   66
   60   56   54   53   52   51   50   50   52   56   63   75   87   99  109  116
  124  132  138  141  142  144  149  155  161
    22.5-180.0 180.0   5.0 450.0                            LAT/LON1/LON2/DLON/H
  162  170  175  179  180  179  175  173  174  176  178  181  183  185  182  171
  154  136  122  116  116  122  132  145  160  170  175  174  170  166  160  147
  128  106   87   76   74   76   81   86   89   89   87   81   76   71   66   61
   56   52   50   49   49   49   49   50   51   55   62   73   86   98  108  115
  122  128  133  135  136  137  143  152  162
    20.0-180.0 180.0   5.0 450.0                            LAT/LON1/LON2/DLON/H
  160  170  178  185  189  191  191  191  193  195  195  195  196  198  196  187
  170  151  135  127  127  132  143  157  171  180  180  173  163  153  143  129
  110   90   75   67   67   70   74   78   81   80   77   71   66   62   59   56
   52   48   46   45   45   46   47   48   50   53   60   71   84   97  106  114
  120  126  130  132  131  133  139  149  160
    17.5-180.0 180.0   5.0 450.0                            LAT/LON1/LON2/DLON/H
  158  167  176  185  193  198  202  205  209  212  211  210  209  211  212  205
  190  171  155  146  144  148  158  171  183  187  182  167  151  136  123  108
   92   76   65   62   63   66   69   71   72   70   65   60   56   53   52   51
   48   44   42   42   42   43   44   46   47   50   56   67   81   94  104  112
  119  125  129  130  129  131  137  147  158
    15.0-180.0 180.0   5.0 450.0                            LAT/LON1/LON2/DLON/H
  156  164  172  182  191  199  206  213  220  224  224  222  221  224  226  223
  211  194  179  169  166  168  175  185  193  192  180  160  137  119  104   90
   77   66   60   61   64   67   67   66   64   60   56   51   47   47   47   47
   44   41   39   39   39   40   41   42   44   46   52   62   76   90  101  110
  117  124  129  131  131  133  139  148  156
    12.5-180.0 180.0   5.0 450.0                            LAT/LON1/LON2/DLON/H
  158  163  169  177  187  196  205  214  223  229  230  229  230  234  238  238
  229  216  204  195  190  190  193  198  201  195  177  152  126  104   89   77
   67   61   61   65   69   71   69   65   60   55   50   46   44   45   46   45
   42   39   37   37   37   37   37   38   39   41   46   56   70   85   97  107
  116  124  130  134  136  139  145  152  158
    10.0-180.0 180.0   5.0 450.0                            LAT/LON1/LON2/DLON/H
  162  164  167  174  182  191  199  209  219  226  230  230  233  239  245  247
  243  234  225  218  213  210  209  209  206  195  173  145  117   96   81   72
   65   63   67   73   78   79   74   67   60   54   50   47   46   47   47   45
   41   37   35   35   35   34   33   34   34   36   40   49   63   78   92  104
  114  123  131  137  142  147  153  159  162
     7.5-180.0 180.0   5.0 450.0                            LAT/LON1/LON2/DLON/H
  168  168  169  173  179  185  192  200  209  218  223  226  230  238  246  250
  249  244  240  235  231  225  220  215  208  193  170  141  114   94   81   74
   70   70   75   83   88   87   81   71   63   58   55   53   53   53   51   47
   41   36   34   33   32   31   30   29   30   31   34   42   56   72   87  100
  112  122  132  140  147  154  161  166  168
     5.0-180.0 180.0   5.0 450.0                            LAT/LON1/LON2/DLON/H
  174  173  172  175  178  182  185  191  198  206  212  217  223  231  239  244
  246  246  246  245  241  234  226  218  207  190  166  139  115   98   87   80
   78   79   84   91   95   94   87   77   69   64   63   62   62   59   55   48
   41   35   32   31   30   29   27   26   26   27   30   37   49   66   82   97
  109  121  132  142  151  160  168  173  174
     2.5-180.0 180.0   5.0 450.0                            LAT/LON1/LON2/DLON/H
  177  177  177  178  181  182  182  184  189  196  202  208  214  222  229  233
  236  239  243  245  242  235  226  215  202  184  162  138  118  104   94   89
   86   86   90   95   98   96   90   81   74   70   70   70   68   64   57   48
   40   34   31   30   29   27   25   24   24   25   27   33   44   61   78   94
  107  119  131  141  152  162  170  176  177
